2500 6250
3 1615 57
3 773 92
3 1261 53
3 572 55
3 1075 49
1615 2019 27
1615 806 44
1615 1463 87
1615 2348 36
538 727 22
538 1865 5
538 993 22
538 2161 11
538 2088 34
727 424 58
727 1530 18
727 1833 89
727 404 54
517 1836 94
517 124 71
517 1974 68
517 1788 59
517 2098 47
1836 2177 68
1836 31 38
1836 2388 30
1836 1998 58
412 2308 31
412 344 91
412 1339 24
412 1321 97
412 1752 23
2308 2279 41
2308 1853 25
2308 1500 16
2308 2055 33
104 2192 82
104 1692 87
104 618 86
104 915 91
104 2211 5
2192 744 85
2192 1511 7
2192 418 64
2192 1968 80
1936 2163 90
1936 1253 38
1936 683 92
1936 1778 74
1936 833 12
2163 74 17
2163 1711 82
2163 316 62
2163 14 96
1249 1462 56
1249 410 98
1249 291 66
1249 1618 44
1249 1490 96
1462 1167 97
1462 882 79
1462 293 24
1462 1713 50
227 276 91
227 586 28
227 2189 52
227 252 64
227 2471 2
276 1752 53
276 743 98
276 1403 11
276 296 36
39 2440 15
39 2069 7
39 933 79
39 374 88
39 298 75
2440 29 42
2440 1045 28
2440 1125 41
2440 815 2
434 1020 47
434 1457 82
434 1114 70
434 1045 8
434 1520 59
1020 1902 11
1020 1487 81
1020 1000 67
1020 939 5
847 1189 89
847 1167 86
847 1219 32
847 1771 96
847 1119 29
1189 1840 72
1189 822 94
1189 2483 22
1189 2469 65
69 2319 29
69 1100 49
69 1460 19
69 1436 13
69 764 24
2319 2085 59
2319 1390 51
2319 1358 47
2319 2046 83
77 1914 45
77 1168 33
77 512 71
77 2214 42
77 703 11
1914 2499 40
1914 2301 60
1914 2305 3
1914 773 44
779 1957 67
779 1881 82
779 2289 95
779 576 36
779 1593 52
1957 1090 14
1957 1862 94
1957 381 99
1957 1122 82
1324 1757 53
1324 1756 39
1324 791 28
1324 2345 10
1324 1470 34
1757 2180 58
1757 159 86
1757 1641 44
1757 2000 49
1580 2356 23
1580 186 1
1580 2316 7
1580 2007 35
1580 986 38
2356 1474 25
2356 374 61
2356 2297 39
2356 954 1
556 609 28
556 1439 86
556 2349 64
556 2111 7
556 1054 24
609 1769 64
609 1155 19
609 1729 80
609 1058 49
463 1613 93
463 2213 93
463 2444 60
463 479 25
463 802 49
1613 280 54
1613 1650 85
1613 1760 90
1613 1681 20
1024 1909 91
1024 1263 43
1024 1511 6
1024 402 52
1024 656 9
1909 2104 2
1909 2086 3
1909 41 36
1909 2466 52
573 1973 50
573 257 24
573 2015 51
573 2366 67
573 88 73
1973 850 42
1973 1368 62
1973 854 89
1973 1335 95
1030 1431 71
1030 2473 78
1030 130 86
1030 986 79
1030 876 46
1431 1976 16
1431 1477 12
1431 710 44
1431 2495 33
460 1544 38
460 2333 65
460 721 95
460 1636 32
460 1320 95
1544 1983 48
1544 694 26
1544 855 43
1544 651 44
2019 2174 55
2019 1924 75
2019 43 45
2019 568 9
2174 1826 23
2174 2188 34
2174 967 68
2174 2235 66
346 1967 83
346 270 28
346 1136 83
346 2400 7
346 32 2
1967 1800 59
1967 168 14
1967 666 95
1967 2255 58
475 620 33
475 1714 93
475 2028 51
475 2204 88
475 905 97
620 1686 15
620 305 73
620 263 90
620 2387 87
280 1775 20
280 1268 57
280 410 49
280 1003 3
913 1260 58
913 746 64
913 2239 23
913 1265 100
913 1203 64
1260 865 68
1260 2132 57
1260 927 57
1260 1568 26
1272 1314 14
1272 1241 17
1272 725 15
1272 1791 29
1272 2247 23
1314 2470 23
1314 1374 81
1314 2371 57
1314 692 9
862 1150 48
862 1709 12
862 1387 4
862 2404 75
862 1654 99
1150 450 81
1150 2431 9
1150 2314 83
1150 488 72
1257 1945 35
1257 2259 36
1257 547 9
1257 2251 100
1257 947 9
1945 471 70
1945 949 79
1945 937 12
1945 171 20
954 1678 68
954 1149 84
954 1465 59
954 1926 95
1678 2123 90
1678 197 45
1678 1081 40
1678 21 77
205 2314 41
205 780 11
205 4 35
205 882 50
205 1155 57
2314 966 10
2314 1509 94
2314 1633 47
752 1958 9
752 2012 4
752 1694 38
752 948 80
752 1244 15
1958 1489 92
1958 2060 76
1958 1536 22
1958 1399 51
248 469 55
248 944 34
248 1565 29
248 132 15
248 726 45
469 1269 36
469 1587 75
469 2260 53
469 2046 58
289 470 54
289 1139 18
289 697 91
289 2485 66
289 748 32
470 1897 15
470 2247 59
470 1338 16
470 1501 26
2006 2477 88
2006 386 47
2006 1176 82
2006 1161 44
2006 67 63
2477 1538 28
2477 376 29
2477 396 31
2477 875 67
2083 2172 42
2083 1152 30
2083 880 10
2083 1064 55
2083 1325 36
2172 1579 40
2172 2454 29
2172 969 26
2172 2286 25
2322 2454 48
2322 1396 77
2322 1268 61
2322 963 42
2322 465 42
2454 2439 25
2454 1910 79
2454 1496 96
388 2206 24
388 2377 82
388 1847 9
388 1584 85
388 394 64
2206 120 80
2206 1987 87
2206 796 42
2206 677 99
2123 999 4
2123 1881 75
2123 1135 86
2123 522 98
1489 1940 4
1489 2419 67
1489 2416 84
1489 1950 97
458 693 47
458 1808 24
458 363 83
458 1561 83
458 1420 45
693 1509 81
693 1576 53
693 702 82
693 731 20
182 1283 9
182 1761 28
182 1377 84
182 932 77
182 1719 37
1283 1467 79
1283 2250 17
1283 257 62
1283 1803 83
596 2320 45
596 1195 48
596 1815 85
596 283 43
596 88 57
2320 222 24
2320 100 49
2320 2438 52
2320 523 55
1630 2311 36
1630 714 33
1630 492 39
1630 1920 32
1630 647 4
2311 2471 54
2311 1301 86
2311 2357 72
2311 568 10
1248 2017 76
1248 1028 88
1248 505 6
1248 1402 100
1248 650 70
2017 672 82
2017 1961 21
2017 1202 75
2017 1928 76
978 2156 38
978 2257 2
978 282 76
978 478 1
978 1413 37
2156 2051 50
2156 2086 49
2156 171 38
2156 1821 51
508 1453 5
508 2084 76
508 2018 100
508 2439 31
508 1794 57
1453 2132 38
1453 2441 37
1453 1192 99
1453 1086 66
1285 2313 24
1285 902 15
1285 736 67
1285 1903 31
1285 90 9
2313 1304 31
2313 75 74
2313 1646 38
2313 2348 14
1114 2431 75
1114 1181 98
1114 2217 53
1114 1711 6
2431 435 62
2431 2467 4
2431 352 31
272 2381 60
272 260 72
272 715 84
272 446 81
272 923 10
2381 342 6
2381 2116 18
2381 731 59
2381 2055 61
729 1802 12
729 1366 43
729 1655 9
729 0 100
729 1148 21
1802 379 31
1802 2255 12
1802 789 98
1802 174 22
603 1168 42
603 2219 36
603 216 68
603 953 20
603 1429 19
1168 552 14
1168 2339 95
1168 678 16
1090 2195 51
1090 68 9
1090 1675 41
1090 1529 52
2195 734 6
2195 2031 26
2195 190 29
2195 977 29
383 2333 81
383 123 85
383 1194 74
383 195 63
383 2153 45
2333 2182 33
2333 1640 31
2333 592 60
923 1789 49
923 1665 31
923 2140 51
923 151 75
1789 1644 9
1789 947 80
1789 200 48
1789 58 2
130 1924 48
130 294 95
130 179 64
130 1125 74
1924 442 74
1924 971 100
1924 1890 32
1563 2378 69
1563 266 45
1563 1516 7
1563 1931 87
1563 1976 53
2378 2245 67
2378 1977 75
2378 1814 61
2378 1571 56
708 1635 55
708 1450 41
708 499 40
708 2498 30
708 881 27
1635 1686 65
1635 417 71
1635 1323 24
1635 180 84
247 1920 5
247 690 50
247 987 22
247 1444 32
247 1070 53
1920 448 64
1920 966 19
1920 1441 88
963 1861 83
963 408 16
963 1694 28
963 1023 73
1861 1683 57
1861 196 49
1861 2289 29
1861 1816 56
980 1276 4
980 1711 36
980 219 40
980 1354 71
980 2150 64
1276 846 18
1276 1362 57
1276 1075 37
1276 1593 33
1427 1736 68
1427 2459 58
1427 2467 63
1427 334 63
1427 1236 66
1736 2250 79
1736 2286 69
1736 1977 65
1736 156 70
76 1772 73
76 1534 44
76 1898 79
76 1642 39
76 2182 48
1772 688 50
1772 595 62
1772 315 15
1772 201 6
26 2180 61
26 1178 57
26 1877 70
26 1325 16
26 1212 15
2180 1570 63
2180 1470 83
2180 1677 91
544 1648 61
544 2246 96
544 2327 26
544 1227 72
544 1094 14
1648 621 4
1648 176 73
1648 925 91
1648 2418 86
776 988 19
776 1639 39
776 2140 92
776 2288 13
776 2408 69
988 1726 68
988 190 84
988 1339 52
988 2125 69
877 1040 79
877 477 34
877 1392 95
877 230 54
877 1790 87
1040 1689 58
1040 539 47
1040 1091 36
1040 1336 77
854 1810 99
854 1038 59
854 1574 40
854 1762 44
1810 1228 81
1810 1069 50
1810 2280 41
1810 1187 96
635 2446 68
635 1889 66
635 1053 65
635 1781 21
635 711 18
2446 1697 25
2446 753 99
2446 1137 36
2446 1948 4
768 989 67
768 1776 97
768 2213 44
768 365 67
768 1395 1
989 1751 29
989 1943 33
989 1674 40
989 265 66
940 2264 83
940 1947 65
940 2487 85
940 1433 58
940 887 11
2264 1814 28
2264 976 50
2264 1122 75
2264 2337 43
558 1933 99
558 2489 30
558 661 13
558 2119 15
558 1566 23
1933 431 33
1933 440 37
1933 265 77
1933 257 17
778 1182 8
778 1670 1
778 1656 100
778 380 27
778 1892 44
1182 99 27
1182 1319 28
1182 1078 57
1182 414 43
2018 2032 57
2018 38 68
2018 2384 35
2018 656 20
2032 513 5
2032 1718 1
2032 84 87
2032 2005 15
1099 1762 7
1099 2403 23
1099 1145 20
1099 1646 49
1099 670 46
1762 403 67
1762 266 57
1762 2432 50
610 1571 89
610 1949 62
610 86 67
610 300 62
610 2429 63
1571 1905 34
1571 1948 34
1571 2420 95
250 999 65
250 2169 60
250 1073 22
250 2456 42
250 29 81
999 1362 2
999 1244 99
999 1983 84
480 1232 84
480 1334 78
480 1391 22
480 588 4
480 433 44
1232 1979 25
1232 1541 24
1232 1917 82
1232 150 43
454 1997 79
454 1091 10
454 1396 26
454 1695 57
454 771 62
1997 706 75
1997 363 16
1997 872 94
1997 2411 35
1238 2042 73
1238 805 75
1238 1247 52
1238 1304 4
1238 806 50
2042 2030 31
2042 2025 88
2042 2244 48
2042 103 3
1520 2142 72
1520 1596 52
1520 1768 74
1520 1918 63
2142 244 100
2142 177 48
2142 1559 82
2142 2330 69
656 1579 42
656 881 1
656 2304 2
1579 1450 41
1579 2407 1
1579 1636 11
1800 1064 54
1800 1403 74
1800 986 30
1800 133 26
2154 2199 87
2154 2126 12
2154 1270 53
2154 686 89
2154 1014 76
2199 349 88
2199 1994 80
2199 1399 36
2199 456 28
947 1233 95
947 166 90
947 2279 69
1233 232 12
1233 1930 77
1233 699 23
1233 1793 16
991 2471 21
991 1284 50
991 1626 30
991 1016 26
991 908 18
2471 372 38
2471 884 80
1032 1048 24
1032 713 38
1032 1632 98
1032 81 48
1032 2047 16
1048 2023 94
1048 1332 73
1048 125 85
1048 2292 16
1388 2107 3
1388 1031 76
1388 320 21
1388 840 81
1388 448 54
2107 1715 32
2107 17 70
2107 92 50
2107 1996 54
495 1072 33
495 1883 12
495 920 72
495 1086 16
495 1525 46
1072 1980 29
1072 20 82
1072 1996 68
1072 2244 11
1603 1803 2
1603 2255 48
1603 1702 16
1603 1748 41
1603 1264 17
1803 1902 96
1803 1624 100
1803 2448 26
1113 1121 59
1113 498 43
1113 2274 75
1113 758 59
1113 1252 69
1121 756 34
1121 2109 53
1121 2224 84
1121 1482 81
1359 2345 25
1359 2338 16
1359 566 71
1359 896 36
1359 1009 35
2345 553 67
2345 2257 47
2345 1148 87
655 1475 28
655 1712 69
655 149 93
655 2108 74
655 702 98
1475 1773 9
1475 2124 83
1475 1853 46
1475 2341 69
1953 2266 87
1953 1483 1
1953 54 95
1953 2287 89
1953 2104 5
2266 1763 34
2266 1794 71
2266 345 28
2266 1699 23
177 618 82
177 371 70
177 34 41
177 1587 77
618 1334 11
618 351 73
618 1793 69
1160 1583 58
1160 1825 30
1160 2387 31
1160 2004 70
1160 133 100
1583 1351 28
1583 1424 8
1583 34 94
1583 1946 10
219 800 1
219 344 60
219 1509 26
219 2159 1
800 202 54
800 2009 41
800 1005 61
800 2410 31
986 1467 41
986 976 6
1467 1665 56
1467 1724 45
1467 1497 60
230 895 98
230 1407 19
230 773 12
230 83 50
895 254 5
895 835 33
895 914 63
895 1532 100
168 1737 72
168 945 31
168 229 36
168 2269 87
1737 375 41
1737 738 85
1737 721 80
1737 938 60
1269 1526 3
1269 1873 7
1269 2229 17
1269 361 40
1526 407 85
1526 851 70
1526 1278 5
1526 1323 15
1647 2344 66
1647 15 19
1647 842 3
1647 2337 71
1647 157 25
2344 2097 92
2344 665 13
2344 736 41
2344 1496 68
263 2240 74
263 29 6
263 666 10
263 1752 32
2240 2271 51
2240 1216 76
2240 621 34
2240 942 75
982 1698 46
982 1782 51
982 2468 23
982 2272 29
982 503 62
1698 1987 82
1698 1621 76
1698 54 75
1698 2291 30
1204 1545 6
1204 1017 98
1204 2014 2
1204 2429 11
1204 714 12
1545 937 75
1545 1513 76
1545 579 51
1545 1003 11
349 938 43
349 1439 71
349 278 12
349 775 90
1375 1548 100
1375 1310 10
1375 2284 93
1375 1316 37
1375 360 14
1548 339 9
1548 2385 91
1548 324 11
1548 1565 87
358 972 30
358 2483 4
358 367 83
358 2090 90
358 1221 18
972 274 78
972 1065 43
972 961 99
972 1724 46
208 210 57
208 1558 39
208 1938 52
208 697 75
208 771 95
210 310 95
210 1938 86
210 328 81
210 2221 26
1825 1798 89
1825 586 98
1825 1510 46
1825 455 57
1179 1838 98
1179 2196 62
1179 787 95
1179 1672 86
1179 1230 59
1838 859 94
1838 31 91
1838 327 33
1838 866 19
1138 2480 99
1138 449 72
1138 1980 64
1138 1717 60
1138 456 76
2480 2136 69
2480 1245 49
2480 435 37
2480 1027 57
197 2451 92
197 1754 52
197 1942 80
197 1992 57
2451 759 89
2451 1679 12
2451 1342 88
2451 2212 100
2084 128 77
2084 1531 6
2084 2362 82
2084 1370 8
1531 2411 4
1531 899 38
1531 2468 71
1531 324 44
2411 101 35
2411 1342 4
2411 228 48
546 1787 97
546 98 96
546 852 41
546 1265 53
546 2181 31
1787 842 67
1787 2233 15
1787 2212 36
1787 53 65
1446 1549 4
1446 185 90
1446 2452 25
1446 1529 65
1446 1702 21
1549 1604 82
1549 53 74
1549 1771 56
1549 1298 34
378 1681 85
378 688 42
378 2339 17
378 2130 18
378 569 89
1681 1306 18
1681 166 83
1681 99 26
101 878 47
101 2413 93
101 1227 11
101 598 51
878 2251 80
878 789 23
878 2117 41
878 942 88
61 1745 79
61 1993 96
61 627 89
61 2401 87
61 828 77
1745 2186 22
1745 1996 47
1745 85 43
1745 2157 52
1581 1895 47
1581 1500 91
1581 1330 55
1581 479 54
1581 2021 72
1895 1460 43
1895 956 59
1895 2254 53
1895 436 2
359 621 89
359 2219 27
359 1411 11
359 386 31
359 1061 84
621 521 49
621 1668 13
1754 1133 8
1754 2231 97
1754 281 51
1754 403 78
344 2218 20
344 1159 86
344 1280 21
2218 2441 25
2218 872 91
2218 323 53
2218 9 89
1687 1998 77
1687 1438 20
1687 2213 70
1687 586 13
1687 2030 1
1998 2373 30
1998 1129 91
1998 1534 97
455 1268 50
455 1913 36
455 2336 37
455 193 20
1268 2138 83
1268 1863 55
586 1142 60
586 211 49
338 1851 57
338 1159 96
338 524 40
338 1429 77
338 705 9
1851 1156 53
1851 1948 19
1851 1279 21
1851 2198 86
945 1891 48
945 2430 74
945 956 6
945 234 76
1341 2300 34
1341 1298 1
1341 13 76
1341 169 93
1341 2175 63
2300 2236 30
2300 310 94
2300 1351 64
2300 1875 28
744 2044 46
744 391 57
744 1117 37
744 2027 88
2044 1202 33
2044 78 68
2044 1712 97
2044 237 28
243 301 66
243 411 58
243 668 91
243 1144 56
243 2162 20
301 214 23
301 117 58
301 1799 98
301 813 95
172 1818 69
172 1578 29
172 1021 59
172 1468 98
172 2193 16
1818 1329 13
1818 1490 31
1818 1043 99
1818 2011 95
108 2328 83
108 2013 61
108 1746 83
108 306 82
108 615 71
2328 1713 44
2328 1194 11
2328 405 76
2328 1662 56
450 1274 60
450 1715 49
450 1555 57
450 100 32
1274 437 76
1274 1577 19
1274 1590 16
1274 1734 25
235 1349 55
235 1916 52
235 481 18
235 1855 65
235 487 11
1349 2247 25
1349 1644 61
1349 728 63
1349 1906 88
2267 2465 53
2267 2492 35
2267 1411 46
2267 1049 45
2267 2420 58
2465 1046 3
2465 1486 85
2465 1395 59
2465 408 72
888 2439 80
888 2414 65
888 1730 73
888 1439 86
888 1029 1
2439 2108 59
2439 1454 4
812 1397 23
812 2478 85
812 422 43
812 1980 17
812 811 63
1397 2231 2
1397 2473 95
1397 2268 59
1397 238 83
295 1107 16
295 1302 5
295 2317 29
295 442 6
295 166 65
1107 2472 85
1107 1119 64
1107 394 50
1107 1975 76
1401 2435 5
1401 1236 20
1401 1574 27
1401 474 79
1401 1209 9
2435 2105 47
2435 981 76
2435 1904 18
2435 436 64
1808 1971 15
1808 1735 8
1808 2124 89
1808 2249 74
577 1759 55
577 883 62
577 1241 46
577 1277 57
577 1758 1
1759 1303 21
1759 337 23
1759 144 75
1759 1980 88
1110 2488 70
1110 559 58
1110 1965 21
1110 1837 82
1110 535 53
2488 132 10
2488 1869 95
2488 2306 99
2488 2421 4
2060 187 15
2060 1761 93
2060 2309 49
2060 2452 84
286 1058 43
286 1709 54
286 2271 44
286 948 3
286 1807 74
1058 2236 59
1058 2268 79
1058 1758 98
142 1050 16
142 608 57
142 2090 68
142 1093 67
142 2040 87
1050 438 60
1050 557 21
1050 258 41
1050 684 41
1221 1457 95
1221 929 26
1221 1458 14
1221 1449 58
1457 183 13
1457 1671 92
1457 2423 12
209 1225 33
209 466 26
209 2167 46
209 1682 52
209 1061 34
1225 1839 7
1225 1518 49
1225 1761 53
1225 994 26
2350 2476 19
2350 244 84
2350 1656 17
2350 929 51
2350 2430 32
2476 2282 31
2476 88 13
2476 943 52
2476 2081 100
457 2458 100
457 1139 95
457 2003 2
457 244 13
457 234 86
2458 1539 19
2458 555 15
2458 1504 59
2458 2377 96
183 1172 26
183 1985 80
183 2416 100
183 687 22
1172 357 33
1172 802 20
1172 1727 96
1172 84 95
244 1934 62
244 373 35
1243 2091 31
1243 1358 5
1243 2443 99
1243 1432 39
1243 2349 70
2091 1277 59
2091 1741 75
2091 1122 37
2091 124 97
1980 75 86
2097 2417 37
2097 2419 71
2097 387 41
2097 360 21
2417 537 50
2417 1267 65
2417 808 38
2417 819 34
1329 2279 65
1329 2494 36
1329 1149 35
1329 937 82
2279 613 74
2279 529 88
1697 737 6
1697 397 40
1697 491 86
1697 704 41
602 2445 89
602 2059 26
602 1148 9
602 1036 50
602 148 39
2445 1667 14
2445 482 38
2445 2056 78
2445 1653 38
711 2351 25
711 1346 82
711 2051 51
711 830 25
2351 1540 12
2351 363 51
2351 696 78
2351 1067 42
129 949 77
129 549 13
129 1215 89
129 664 69
129 160 16
949 32 33
949 2312 41
949 861 47
1236 2438 69
1236 1873 19
1236 1144 86
2438 900 43
2438 1631 94
2438 1342 85
510 762 82
510 1935 4
510 319 8
510 2104 12
510 1045 68
762 1606 48
762 505 14
762 447 80
762 82 71
199 2068 89
199 2063 21
199 1691 3
199 425 85
199 2459 98
2068 166 30
2068 1259 29
2068 815 53
2068 2177 87
1786 1979 60
1786 345 69
1786 2261 13
1786 190 85
1786 628 74
1979 19 18
1979 992 63
1979 2070 100
51 103 13
51 1866 40
51 2424 63
51 435 40
51 1157 11
103 2129 86
103 70 60
103 1033 30
390 1491 55
390 718 69
390 1338 75
390 1935 44
390 311 67
1491 1337 65
1491 1010 64
1491 270 8
1491 591 65
568 1763 79
568 734 75
568 1770 51
1763 1443 14
1763 211 46
1763 1123 26
1987 984 57
1987 140 54
1987 2164 77
684 891 18
684 607 65
684 2252 69
684 2071 45
891 1492 63
891 1643 16
891 2434 98
891 1552 4
149 1550 96
149 1964 81
149 587 50
149 392 98
1550 2215 37
1550 2252 10
1550 2254 95
1550 2367 54
608 1261 90
608 1076 42
608 1597 10
608 1588 9
916 1951 12
916 405 86
916 555 9
916 1733 19
916 2045 32
1951 2290 20
1951 1722 82
1951 1390 59
1951 1976 91
47 1273 84
47 1927 69
47 1727 77
47 1674 81
47 339 13
1273 1328 62
1273 1240 62
1273 743 74
1273 757 28
662 1546 83
662 1847 86
662 109 32
662 282 94
662 1177 31
1546 1082 36
1546 304 67
1546 1923 48
1546 85 86
624 1025 55
624 178 4
624 1311 51
624 1589 25
624 1831 100
1025 1118 10
1025 536 98
1025 896 62
1025 604 7
1281 2049 3
1281 268 83
1281 2415 20
1281 216 41
1281 535 91
2049 1562 64
2049 647 95
2049 910 13
2049 1557 70
1171 1423 52
1171 2282 10
1171 1156 25
1171 824 62
1171 1867 50
1423 2034 75
1423 336 91
1423 2164 81
1423 2491 20
339 1795 24
339 503 73
339 82 98
1795 1131 11
1795 1133 75
1795 8 13
1795 1765 62
1693 1993 67
1693 2225 35
1693 1051 77
1693 798 4
1693 2023 48
1993 1505 3
1993 1847 85
1993 1658 51
222 981 89
222 1095 74
222 1515 68
222 828 56
981 1027 32
981 1125 62
981 2433 30
418 2125 65
418 2074 24
418 334 68
418 2002 16
2125 2052 36
2125 555 38
2125 2114 69
1026 1944 4
1026 676 93
1026 1816 5
1026 1400 20
1026 1021 61
1944 84 11
1944 615 100
1944 1454 67
1944 241 43
133 909 25
133 1042 86
133 2447 30
909 1941 68
909 1294 39
909 545 9
909 2389 61
121 1609 49
121 733 48
121 1440 43
121 322 42
121 437 10
1609 2368 70
1609 1165 32
1609 1068 88
1609 1556 100
107 1674 14
107 1205 82
107 1506 13
107 2363 67
107 1551 92
1674 9 53
1674 2385 5
353 2080 83
353 8 1
353 2339 41
353 907 49
353 1207 3
2080 2135 68
2080 745 27
2080 2326 24
2080 1315 49
122 1164 64
122 2281 82
122 1361 64
122 932 17
122 362 59
1164 1136 58
1164 787 81
1164 2497 42
1164 628 11
607 2217 53
607 1602 50
607 2026 71
607 1369 6
589 1835 27
589 2100 48
589 1964 43
589 732 98
589 725 87
1835 593 39
1835 279 40
1835 1731 100
1835 154 8
421 1433 78
421 1010 43
421 1289 54
421 665 79
421 200 11
1433 1358 4
1433 1586 13
1433 1247 88
540 630 97
540 1109 85
540 15 21
540 1192 45
540 943 12
630 1096 59
630 1940 8
630 445 61
630 1229 82
192 1610 58
192 2214 99
192 1961 85
192 911 5
192 639 59
1610 2323 70
1610 1843 70
1610 2461 25
1610 374 71
1608 2457 47
1608 1962 83
1608 1758 43
1608 294 7
1608 1597 54
2457 1723 14
2457 396 28
2457 2481 33
2457 1075 43
2126 195 72
2126 12 68
2126 1074 74
2126 1897 37
28 1623 44
28 2103 1
28 541 59
28 1348 59
28 845 33
1623 566 16
1623 109 3
1623 1053 1
1623 1528 83
24 2147 26
24 2408 12
24 1832 34
24 483 80
24 10 86
2147 2140 36
2147 131 70
2147 1871 22
2147 534 100
2030 1716 32
2030 173 25
2030 1066 56
1482 2173 57
1482 900 23
1482 258 48
1482 1749 25
2173 156 79
2173 325 67
2173 1999 6
2173 2288 54
676 1098 86
676 1770 66
676 201 38
676 806 44
927 1318 97
927 797 66
927 502 6
927 886 37
1318 2494 82
1318 861 72
1318 1593 87
1318 439 48
228 1280 73
228 523 83
228 1046 40
228 1534 29
1280 1843 85
1280 810 96
1280 1601 57
582 2037 51
582 951 22
582 1828 80
582 1641 87
582 825 53
2037 363 62
2037 549 23
2037 7 27
2037 871 49
363 1301 32
145 2450 16
145 404 98
145 714 33
145 2035 32
145 1714 62
2450 1442 1
2450 1338 45
2450 1543 77
2450 1378 34
377 1524 58
377 70 50
377 1106 27
377 1833 82
377 849 31
1524 773 32
1524 87 30
1524 1062 9
1524 953 4
850 1265 1
850 342 81
850 1181 19
850 1196 77
626 2494 74
626 1752 3
626 48 70
626 1541 91
626 2391 60
2494 841 33
2494 1848 90
456 770 70
456 2190 54
456 437 96
770 2370 8
770 841 16
770 975 68
770 617 20
478 1054 91
478 1889 48
478 311 98
478 2310 81
1054 817 52
1054 1567 61
1054 1876 67
238 813 2
238 2151 24
238 2374 89
238 1438 61
813 494 53
813 1503 59
813 691 1
436 1057 57
436 2144 23
436 583 81
1057 18 71
1057 2047 27
1057 2278 34
1057 1286 35
29 410 91
29 2036 82
410 368 79
410 2072 66
1727 2138 100
1727 315 76
1727 371 35
2138 1073 12
2138 728 28
2138 709 45
2241 2359 32
2241 724 92
2241 1167 23
2241 921 26
2241 472 74
2359 977 21
2359 858 80
2359 1870 50
2359 559 79
1031 1632 34
1031 755 65
1031 1530 63
1031 113 4
143 660 16
143 1029 78
143 1262 83
143 472 13
143 821 97
660 591 63
660 1813 19
660 1990 6
660 1198 58
735 1740 24
735 925 60
735 494 72
735 428 35
735 707 8
1740 220 13
1740 1852 84
1740 2082 46
1740 409 56
741 996 73
741 943 31
741 52 41
741 318 78
741 719 32
996 1882 19
996 587 37
996 828 17
996 2263 18
283 1350 3
283 1264 66
283 340 6
283 1485 18
1350 512 64
1350 1264 74
1350 1672 47
1350 1960 16
264 1071 9
264 1618 96
264 668 53
264 1213 57
264 790 63
1071 742 40
1071 2201 97
1071 732 33
1071 1254 97
323 1651 70
323 62 18
323 95 52
323 717 14
1651 1498 42
1651 1297 47
1651 1774 19
1651 2073 47
161 1360 69
161 2090 61
161 1829 93
161 1380 58
161 2168 98
1360 763 31
1360 261 94
1360 279 28
1360 341 71
857 1063 72
857 1788 21
857 2386 6
857 144 94
857 1136 28
1063 266 70
1063 398 77
1063 1254 39
1063 1122 47
1418 1746 38
1418 897 88
1418 335 55
1418 1940 63
1418 536 85
1746 2219 60
1746 1357 5
1746 1270 94
673 838 19
673 1137 7
673 1253 18
673 169 2
673 50 24
838 1428 23
838 366 24
838 425 99
838 1994 80
17 1473 49
17 1817 83
17 215 79
17 550 38
1473 1441 1
1473 859 98
1473 135 18
1473 221 59
1445 1620 96
1445 1193 4
1445 1666 3
1445 367 90
1445 1934 47
1620 516 78
1620 2025 87
1620 1386 86
1620 1707 93
2169 1919 68
2169 590 44
2169 2357 42
2169 1410 61
1513 1983 86
1513 1619 24
1513 1372 7
1513 644 71
1983 870 29
1983 829 52
1177 1805 34
1177 2284 23
1177 2043 32
1177 1267 16
1805 941 56
1805 1387 1
1805 1142 65
1805 1985 58
79 1533 31
79 89 49
79 126 28
79 1982 70
79 2347 59
1533 256 63
1533 677 83
1533 2430 45
1533 1183 39
63 1296 76
63 1969 5
63 1335 40
63 1744 54
63 1981 64
1296 110 56
1296 1712 93
1296 632 44
1296 2189 28
899 671 9
899 680 31
899 1116 77
899 1124 29
19 206 77
19 1378 72
19 1841 70
19 666 98
206 809 30
206 1361 88
206 452 22
206 795 2
1118 1959 48
1118 96 52
1118 1502 43
1118 91 27
1642 1760 93
1642 674 57
1642 1412 77
1642 2011 6
1760 4 10
1760 87 10
1760 1733 20
1210 2103 74
1210 545 24
1210 1459 17
1210 1946 29
1210 175 12
2103 814 62
2103 1087 34
2103 908 7
814 646 89
814 1970 48
814 1406 17
814 1599 4
1270 1824 80
1270 1066 66
1270 1286 53
50 724 30
50 2426 43
50 616 95
50 1943 19
724 769 80
724 396 10
724 799 33
1132 2449 44
1132 37 23
1132 2496 49
1132 957 73
1132 1849 32
2449 2105 57
2449 822 93
2449 795 6
2449 226 99
328 2129 97
328 1115 73
328 668 43
328 1664 92
2129 691 23
2129 360 38
2129 1547 13
89 386 50
89 678 70
89 548 99
89 2368 69
386 595 91
386 2321 76
1833 2496 91
1833 1148 66
1833 2336 71
2496 1504 51
2496 679 13
2496 1402 100
543 1007 28
543 1052 86
543 1955 20
543 2010 51
543 502 99
1007 2295 19
1007 1612 97
1007 2045 43
1007 964 11
1541 2095 47
1541 2395 37
1541 1104 65
2095 756 99
2095 354 38
2095 467 24
2095 67 12
413 897 80
413 1519 16
413 1939 85
413 320 13
413 2207 51
897 952 31
897 1739 79
897 467 45
447 2467 38
447 252 81
447 894 94
447 1174 53
2467 2227 47
2467 1749 30
254 2072 83
254 1977 71
254 2041 2
254 461 40
2072 1332 10
2072 326 91
2072 590 47
633 1839 93
633 524 13
633 1592 94
633 1292 25
633 905 63
1839 1700 67
1839 2443 60
1839 1694 17
500 2478 51
500 931 58
500 612 8
500 229 14
500 1769 93
2478 1128 77
2478 2419 22
2478 2326 38
1255 1593 5
1255 2237 40
1255 643 1
1255 820 99
1255 299 30
1593 2100 74
545 908 25
545 214 21
545 1197 39
908 127 71
908 1435 20
445 1724 13
445 2325 68
445 1508 17
445 682 40
1724 859 78
1724 1234 65
1952 2164 94
1952 1709 66
1952 2081 7
1952 148 23
1952 2065 35
2164 1220 100
2164 769 54
769 1821 87
769 1012 41
769 1173 94
1821 1392 27
1821 2427 95
1821 80 29
368 723 10
368 1708 13
368 1199 70
368 38 34
723 1485 22
723 1844 68
723 2375 68
723 642 86
27 164 60
27 918 76
27 1922 59
27 1227 30
27 127 15
164 1141 22
164 709 21
164 1495 51
164 304 61
903 1555 83
903 422 11
903 2077 95
903 826 85
903 158 64
1555 180 68
1555 2121 3
1555 265 50
300 2016 56
300 2293 2
300 1492 15
300 865 15
2016 1773 40
2016 22 42
2016 415 65
2016 2022 20
1554 2276 43
1554 2388 35
1554 1659 21
1554 953 12
1554 728 84
2276 372 6
2276 1535 5
2276 1199 13
2276 938 56
296 325 27
296 681 28
296 2135 41
296 958 67
325 1448 21
325 468 21
325 382 88
1100 1468 46
1100 246 70
1100 906 2
1100 2404 87
1699 1876 37
1699 1315 63
1699 1345 13
1699 1416 8
1876 605 53
1876 1444 38
1876 2205 95
1949 1764 64
1949 755 13
1949 1203 51
1949 1710 73
2441 1948 92
2441 186 45
2441 1715 35
361 1622 22
361 2373 75
361 1691 75
361 322 84
1622 507 1
1622 1644 15
1622 2370 86
1622 1804 2
1706 2000 80
1706 1639 2
1706 1640 13
1706 1738 76
1706 1333 47
2000 2270 87
2000 1074 53
2000 1000 68
1497 1597 56
1497 1972 69
1497 1102 64
1497 731 18
1597 1180 46
1597 759 35
542 1899 59
542 717 73
542 1137 7
542 1988 30
542 1242 48
1899 1871 52
1899 2265 40
1899 1424 56
1899 765 80
308 1503 13
308 1479 78
308 1908 85
308 2065 42
308 694 34
1503 1038 72
1503 816 78
1503 606 75
120 156 14
120 511 54
120 2343 58
120 1730 29
1441 791 4
1441 194 72
1441 1748 35
1611 1884 90
1611 1502 68
1611 1778 82
1611 490 83
1611 1289 64
1884 506 8
1884 1068 24
1884 1098 68
1884 2052 58
1578 1707 95
1578 804 4
1578 1373 98
1578 1868 25
1707 1893 47
1707 1119 16
1707 2059 100
2051 1165 36
2051 1906 43
2051 1463 26
809 967 46
809 1582 10
809 551 56
809 2274 8
967 640 75
967 114 76
967 144 61
842 60 99
842 2228 65
842 2252 88
81 642 88
81 2005 11
81 1784 79
81 314 79
642 1860 47
642 492 91
642 391 75
528 1856 95
528 797 5
528 73 74
528 1266 21
528 294 9
1856 41 97
1856 318 27
1856 397 24
1856 1247 30
220 332 56
220 1607 33
220 1765 92
220 1494 1
2472 576 78
2472 1682 54
2472 1587 92
2472 347 16
646 1848 66
646 1970 93
646 312 45
646 1333 32
1848 2474 99
1848 1562 18
1848 1844 94
1322 1902 21
1322 1574 46
1322 905 21
1322 173 29
1322 1780 65
1902 831 76
1902 816 37
411 2074 1
411 566 57
411 2456 74
411 2149 38
1450 2296 36
1450 713 88
1450 1286 100
4 287 77
4 1478 48
4 1412 47
287 2108 57
287 679 88
287 606 40
287 643 30
1845 2064 24
1845 424 14
1845 2463 2
1845 848 66
1845 2437 17
2064 1790 83
2064 1667 13
2064 9 9
2064 1995 18
5 889 77
5 1645 60
5 1022 27
5 417 13
5 1820 24
889 2448 33
889 1188 3
889 100 68
889 1601 23
1894 2185 21
1894 1363 64
1894 1560 7
1894 1144 33
1894 2323 79
2185 2253 31
2185 154 29
2185 350 2
2185 846 24
746 2321 11
746 1014 55
746 935 61
746 1725 73
2321 2209 58
2321 185 33
2321 605 33
846 423 30
846 1412 74
846 135 13
56 1645 75
56 491 71
56 2160 7
56 483 42
56 1035 15
1645 337 44
1645 45 79
1645 1469 75
1411 2482 60
1411 970 43
1411 312 65
2482 2222 12
2482 672 42
2482 2490 14
2482 799 66
1502 1846 14
1502 313 76
1502 2223 53
1846 906 3
1846 2053 31
1846 1145 76
1846 432 29
20 645 83
20 2382 84
20 1405 76
20 600 15
645 1801 13
645 1842 32
645 281 12
645 592 29
414 801 37
414 743 55
414 1528 5
414 644 62
801 928 70
801 1216 91
801 190 64
801 38 85
1396 1519 65
1396 1086 7
1396 1166 81
262 703 3
262 306 50
262 1837 1
262 2256 94
262 575 4
703 242 54
703 1361 67
703 2464 30
2253 1770 84
2253 856 18
2253 1890 71
2253 1163 95
1297 2316 19
1297 18 13
1297 2152 98
1297 1584 54
2316 650 93
2316 1400 74
2316 1907 57
870 2161 64
870 837 98
870 442 32
870 1910 4
1773 720 2
1773 400 29
1773 2096 80
1131 212 43
1131 1213 60
1131 2423 57
1131 1176 38
780 1043 51
780 2054 76
780 1798 84
780 178 20
1043 863 23
1043 282 61
1043 1954 100
1796 2414 23
1796 1741 79
1796 116 91
1796 93 79
1796 2111 59
2414 1903 67
2414 663 11
2414 191 33
1152 616 29
1152 1037 100
1152 305 19
1152 1310 18
911 1728 20
911 1666 77
911 1104 54
911 1589 40
1728 1903 13
1728 2141 23
1728 1875 41
1728 554 13
8 1466 37
8 2079 22
8 2426 97
1466 2087 2
1466 1792 63
1466 1308 38
1466 2370 25
438 1776 20
438 1832 100
438 1569 80
438 2397 74
96 532 32
96 1931 30
96 1858 79
96 2392 27
532 1266 92
532 1525 58
532 2184 25
532 2352 92
379 820 92
379 1806 17
379 784 23
379 1351 97
820 721 37
820 760 49
820 2109 20
141 948 93
141 2415 84
141 476 67
141 170 7
141 584 28
948 1416 70
948 2324 82
1404 1516 60
1404 987 71
1404 587 43
1404 1628 34
1404 2383 51
1516 1005 79
1516 1850 80
1516 648 94
1185 2152 41
1185 1888 58
1185 2334 79
1185 946 39
1185 215 85
2152 570 68
2152 1016 51
2152 1625 94
943 2497 17
943 12 60
1186 1559 11
1186 267 17
1186 1222 97
1186 270 38
1186 30 72
1559 2141 28
1559 1289 33
1559 1128 83
539 1748 48
539 420 31
539 330 86
539 1999 55
1748 2428 92
1748 2242 42
843 2388 16
843 665 38
843 881 24
843 836 47
843 2029 22
2388 2010 39
2388 874 52
1770 1911 50
1770 1447 96
2419 806 63
2419 2353 25
1641 2139 98
1641 2073 64
1641 2099 67
2139 1901 20
2139 1235 11
2139 668 48
2139 1755 22
1407 174 100
1407 449 97
1407 2425 47
1407 2282 12
1962 1372 12
1962 1750 17
1962 442 51
1962 2341 27
782 2112 35
782 1625 93
782 2485 80
782 1371 34
782 1165 25
2112 1218 6
2112 786 33
2112 935 17
2112 1101 11
1277 2014 16
1277 2113 84
1277 874 22
1852 551 79
1852 93 93
1852 2041 35
1852 1053 20
420 484 51
420 1652 18
420 965 26
420 2207 41
484 2329 91
484 636 22
484 1677 65
484 1721 48
1863 2188 34
1863 2039 48
1863 2340 77
1863 1960 59
2188 2366 72
2188 371 16
2188 726 34
834 1521 45
834 821 82
834 751 93
834 1353 9
834 1660 25
1521 1222 8
1521 1332 29
1521 1683 21
1521 261 99
674 2057 73
674 803 53
674 2024 99
674 958 38
2057 462 93
2057 1925 6
2057 519 10
2057 1316 4
309 653 48
309 1683 85
309 1617 22
309 2340 16
309 736 66
653 1291 30
653 2346 91
653 2200 39
653 1650 46
6 844 60
6 54 75
6 2050 59
6 2215 22
6 1425 45
844 1907 18
844 97 43
844 643 3
844 319 66
849 2058 52
849 829 78
849 1669 21
849 1101 46
2058 1865 20
2058 1038 88
2058 659 69
2058 21 80
1002 1105 42
1002 1712 65
1002 1925 92
1002 1672 8
1002 924 4
1105 0 11
1105 15 12
1105 856 88
1105 1747 81
1652 670 52
1652 509 49
1652 440 41
1652 504 13
726 941 94
726 395 31
726 1938 25
941 648 20
941 983 46
941 2029 7
1259 1929 67
1259 917 84
1259 522 39
1259 2352 1
1929 269 59
1929 1885 86
1929 1888 73
1929 509 64
529 1824 23
529 503 80
529 790 17
529 369 35
1824 2229 25
1824 2474 39
1824 734 59
1167 1420 67
1167 1175 17
554 1588 89
554 631 70
554 184 96
554 1673 62
1588 640 38
1588 1799 54
1588 2143 90
187 1115 72
187 1537 8
187 617 61
187 1843 74
1716 805 84
1716 1464 93
1716 298 84
1716 920 26
2024 2146 85
2024 1399 79
2024 1596 48
2024 718 79
2146 1582 92
2146 659 60
2146 321 41
2146 2443 28
1251 1930 97
1251 1369 87
1251 599 41
1251 853 58
1251 2010 72
1930 1166 89
1930 1301 24
1930 1607 58
1088 1414 32
1088 1633 39
1088 1439 49
1088 49 3
1088 587 50
1414 203 80
1414 1214 52
1414 761 46
1414 2295 28
1340 2389 4
1340 170 63
1340 2012 99
1340 2246 60
1340 1347 18
2389 2002 32
2389 225 72
2389 522 21
116 1254 9
116 1094 61
116 594 42
116 1625 24
1254 62 21
1254 2442 96
773 1143 96
995 2354 88
995 1434 32
995 1244 88
995 2352 72
995 707 27
2354 215 3
2354 332 24
2354 1567 59
2354 237 15
592 1183 20
592 555 26
592 1384 49
1183 2405 77
1183 1336 50
1183 1991 18
2013 2374 57
2013 1012 62
2013 1389 52
2013 1437 49
2374 1743 97
2374 817 32
2374 1443 38
2074 1363 40
2074 343 29
2074 2215 83
992 2056 71
992 1798 31
992 2175 85
992 2202 66
2056 1891 35
2056 876 97
2056 1319 57
601 1124 66
601 1367 62
601 740 84
601 682 47
601 1149 84
1124 150 97
1124 1959 65
1124 60 90
1315 917 95
1315 1885 53
1315 1305 66
1419 1756 39
1419 2189 95
1419 974 73
1419 2390 27
1419 1361 58
1756 736 12
1756 415 74
1756 1293 21
2290 1451 41
2290 431 50
2290 1366 88
2290 375 4
1776 2400 1
1776 775 5
1776 516 92
173 109 63
173 1893 19
173 1202 19
1081 1653 10
1081 217 100
1081 2048 63
1081 2102 6
1653 1874 2
1653 1595 78
1653 709 62
914 1476 59
914 1528 67
914 530 77
914 1634 11
1476 290 31
1476 146 67
1476 229 37
1476 1941 22
1406 1938 20
1406 1691 17
1406 1456 78
1406 1133 8
1938 1937 92
1492 2436 61
1492 132 73
1492 952 94
619 1033 59
619 1659 63
619 1096 38
619 1650 80
619 2393 3
1033 315 9
1033 1978 86
1033 983 78
1345 2495 80
1345 873 38
1345 1244 20
1345 2157 14
593 75 90
593 451 15
593 2486 88
593 1710 20
1336 1879 25
1336 1589 5
1336 2466 89
1879 464 34
1879 1940 31
1879 2061 90
1879 426 21
1014 1828 23
1014 482 23
1014 1780 14
1828 1082 96
1828 2237 20
1828 788 76
740 2491 1
740 1142 1
740 1499 5
740 2284 71
2491 423 80
2491 57 44
2491 1224 98
13 2428 86
13 1807 49
13 146 13
13 499 81
2428 269 100
2428 2364 54
2428 1721 11
2370 766 15
2370 872 91
257 364 67
257 2011 53
1266 1479 71
1266 920 47
1266 514 31
2468 153 93
2468 1199 28
2468 1153 95
2470 1415 42
2470 1769 67
2470 707 53
2470 1408 78
808 1844 30
808 1092 26
808 1192 61
808 1367 14
1844 1262 40
1844 146 85
99 1155 57
99 2053 93
99 1421 86
1155 1514 53
1155 763 55
1261 2416 23
1261 1191 17
1261 204 30
1665 2269 20
1665 794 85
1665 1158 98
551 1666 55
551 1657 94
551 766 31
1666 2357 59
1666 1964 72
1709 549 97
1709 882 78
2022 2183 74
2022 1085 72
2022 2178 86
2022 333 52
2183 1853 60
2183 2272 93
2183 692 8
2183 944 57
1111 2003 35
1111 799 9
1111 1197 66
1111 59 43
1111 2453 37
2003 1465 89
2003 1435 37
2003 976 20
1317 1842 30
1317 833 36
1317 1797 37
1317 2036 17
1317 202 80
1842 597 47
1842 1017 40
1842 429 31
749 2324 4
749 1525 61
749 1813 1
749 1306 85
749 739 61
2324 152 67
2324 506 78
2324 2460 98
1347 1721 34
1347 896 56
1347 2243 47
1347 2038 8
1721 320 27
1721 288 46
1954 2170 59
1954 1060 24
1954 2317 7
1954 2121 5
2170 696 26
2170 498 21
2170 2307 19
2170 987 15
1969 1783 83
1969 753 97
1969 1564 47
1969 1282 52
194 2452 79
194 1140 27
194 1691 69
194 970 59
2452 1640 27
2452 1354 40
1570 1154 56
1570 1658 62
1570 1837 92
1570 563 38
868 1908 29
868 306 21
868 400 65
868 688 12
868 2265 45
1908 2394 97
1908 565 30
1908 2224 93
1239 2309 2
1239 226 57
1239 1806 43
1239 615 87
1239 350 23
2309 1669 3
2309 2336 37
2309 893 49
649 1046 31
649 1710 47
649 1470 41
649 1885 34
649 1629 72
1046 1304 77
1046 494 86
1017 1442 43
1017 1055 30
1017 1207 10
1442 890 58
1442 775 74
1442 944 68
1173 1955 70
1173 675 17
1173 985 38
1173 831 34
1955 2231 11
1955 501 61
1955 1858 89
1128 571 87
1128 2231 82
1128 1013 64
1744 2481 15
1744 754 44
1744 2239 77
1744 2360 58
2481 1181 65
2481 2145 26
2481 759 7
639 1792 55
639 2009 77
639 1187 8
639 748 32
1792 634 46
1792 2203 73
1792 72 88
931 1146 81
931 747 54
931 580 92
931 865 96
1146 2228 43
1146 2287 86
1146 179 74
1146 583 91
929 2268 88
929 936 21
929 2456 79
2268 402 10
2268 1976 91
2217 1923 25
2217 716 42
2217 218 44
188 284 14
188 462 75
188 1477 23
188 2284 85
188 786 8
284 1226 86
284 671 24
284 21 93
284 2187 53
269 1662 96
269 623 36
269 1606 92
1534 1325 55
1534 605 68
783 1921 99
783 1577 63
783 1948 19
783 1882 94
783 1001 93
1921 1718 31
1921 2380 56
1921 2130 26
1921 1344 76
1226 1444 63
1226 2493 38
1226 818 9
1226 928 13
1444 1271 80
1444 2038 93
2219 1783 91
2219 1169 15
799 1346 77
799 836 66
566 2337 89
566 1426 47
2337 381 12
2337 2260 63
1634 1912 7
1634 401 10
1634 2302 79
1634 1156 74
1912 1073 54
1912 901 91
1912 968 93
1912 251 77
156 904 58
156 1573 44
928 561 52
928 1598 42
928 106 27
407 1761 40
407 2121 48
407 2367 12
407 1601 79
1733 1891 71
1733 966 5
1733 1854 49
1891 2063 94
1891 584 8
944 136 9
944 2310 87
2073 616 17
2073 1498 88
2073 2010 92
606 1857 69
606 115 6
606 2120 100
1857 1302 99
1857 851 29
1857 845 78
1857 1552 29
1161 1850 21
1161 186 84
1161 2375 60
1161 578 4
1850 595 55
1850 2453 43
1850 2062 44
774 1175 87
774 1506 53
774 179 51
774 1797 59
774 1739 25
1175 1332 63
1175 2002 36
1175 1377 71
290 1286 53
290 1156 72
290 1413 97
290 1184 41
987 2427 63
987 998 8
2062 2187 30
2062 716 27
2062 591 21
2062 1415 33
2187 1055 4
2187 472 12
2187 253 86
757 2110 82
757 312 72
757 23 70
757 1900 73
2110 70 23
2110 1771 50
2110 1230 100
2110 242 89
2085 2061 55
2085 1289 5
2085 2263 33
2085 839 35
331 955 45
331 2168 79
331 18 48
331 2339 26
331 720 72
955 1076 38
955 304 38
955 2461 64
955 533 27
1632 764 18
1632 267 24
1632 2398 32
1089 1573 57
1089 1122 79
1089 2364 1
1089 611 30
1089 1822 100
1573 1871 18
1573 1881 57
1573 147 8
1291 2202 79
1291 2065 27
1291 2434 15
1291 2475 35
2202 764 56
2202 2153 90
2202 858 59
226 1878 75
226 1988 51
226 439 61
1878 526 99
1878 1676 35
1878 1027 55
1878 2418 43
872 303 65
872 160 71
306 1312 45
306 965 85
1312 781 33
1312 140 68
1312 686 39
1312 1067 33
2140 594 82
2140 781 51
1381 1866 11
1381 1553 26
1381 10 8
1381 994 82
1381 2287 74
1866 2410 40
1866 399 94
1866 1886 72
2203 2432 56
2203 1732 24
2203 915 87
2203 485 47
2432 319 98
2432 1455 22
2432 1943 28
2222 1677 46
2222 181 22
2222 1849 17
2222 1735 35
728 1715 95
728 2094 74
1715 647 13
2228 1337 23
2228 7 77
2228 841 60
106 1897 39
106 701 59
106 83 54
106 2175 65
1897 1000 78
1897 67 77
689 1989 42
689 836 94
689 1460 56
689 424 43
689 760 49
1989 2418 5
1989 1826 46
1989 1250 10
1989 1180 66
692 1240 43
692 2081 55
692 1084 96
1240 37 62
1240 2128 85
1240 2109 1
876 1586 34
876 2220 9
876 1459 75
1586 2404 31
1586 336 31
1586 1507 13
461 1078 76
461 1925 34
461 2205 2
461 126 63
1078 1747 94
1078 882 76
1078 537 100
925 953 66
925 1224 58
925 840 98
953 2214 51
1479 245 10
1479 1237 1
1479 1042 73
2236 1722 73
2236 1469 24
2236 722 10
174 1664 16
174 2473 8
174 504 2
1664 2397 72
1664 1004 62
1664 2469 46
45 1779 65
45 644 36
45 518 38
45 1435 93
1779 2486 83
1779 1574 36
1779 578 21
1779 59 20
360 622 33
360 998 33
622 753 7
622 1599 48
622 781 59
622 2 36
1082 2041 3
1082 1115 38
1082 404 7
2041 1010 78
2041 802 62
805 824 3
805 351 80
805 2372 70
113 2179 49
113 137 83
113 2399 51
113 2469 11
2179 147 37
2179 1624 22
2179 579 91
2179 1751 89
1398 1523 68
1398 1696 11
1398 1429 80
1398 1600 93
1398 997 11
1523 1039 72
1523 521 35
1523 1917 3
1523 14 97
861 1472 30
861 2081 4
861 1066 44
191 786 50
191 2133 24
191 1201 4
191 1304 49
786 2262 96
786 1180 37
23 155 20
23 710 4
23 2346 94
23 1896 33
155 1663 94
155 1701 28
155 1677 82
155 1988 84
489 894 76
489 1753 87
489 403 11
489 68 45
489 1449 36
894 380 88
894 2342 79
894 1217 2
1616 1867 23
1616 144 57
1616 2033 15
1616 759 64
1616 902 5
1867 968 94
1867 1267 45
1867 482 45
1464 2227 95
1464 1742 59
1464 1023 52
1464 2124 25
2227 62 10
2227 559 88
2227 1713 35
1519 1934 54
1519 1981 17
1519 1775 94
1934 632 99
1934 1813 68
202 793 79
202 2326 4
202 46 67
21 496 14
21 481 15
496 663 37
496 2216 22
496 2405 12
496 1718 13
1670 1530 43
1670 1814 71
1670 1915 26
1670 1855 63
1115 486 100
1115 1066 35
488 2362 63
488 669 88
488 664 69
488 952 63
2362 425 51
2362 2365 9
2362 2335 19
1639 1939 76
1639 1319 72
1639 2143 84
1916 2433 9
1916 873 2
1916 307 73
1916 1018 78
1253 1391 3
1253 511 30
1253 1807 48
217 1065 93
217 552 12
217 2087 2
217 270 13
1428 391 58
1428 559 9
1428 713 70
1428 1386 17
332 59 94
332 1619 39
332 990 34
1104 1547 16
1104 533 70
1104 71 84
1547 2390 12
1547 1587 51
1547 709 36
128 743 6
128 1971 2
128 1455 45
128 1197 7
743 1530 86
1568 2176 91
1568 2106 63
1568 1971 57
1568 1994 47
2176 742 17
2176 1684 9
2176 2303 97
2176 373 12
580 2301 5
580 2395 36
580 2397 57
580 1158 6
2301 251 66
2301 152 74
2301 2262 65
38 514 49
38 747 3
638 2427 24
638 1424 38
638 1966 61
638 612 7
638 959 53
2427 2055 6
2427 1333 76
2137 2225 97
2137 1097 20
2137 1966 85
2137 275 42
2137 2292 87
2225 198 40
2225 934 67
2225 617 44
2281 40 83
2281 1304 86
2281 864 52
2281 91 13
1911 2407 30
1911 2420 89
1911 1968 19
1911 2159 19
2407 385 96
2407 2442 20
2407 526 51
207 2325 55
207 890 22
207 1158 56
207 218 32
207 2464 64
2325 1130 25
2325 1028 45
2325 2144 43
1947 1077 87
1947 477 39
1947 1629 49
1947 2498 33
562 1506 16
562 2038 78
562 446 99
562 1797 45
562 1206 84
1506 1898 13
1506 2155 99
952 2186 94
952 1343 4
2186 1572 81
2186 1777 1
2186 710 41
319 2273 97
319 1202 59
2273 1036 34
2273 2376 50
2273 1815 38
2273 1126 81
494 2115 74
494 2001 61
886 1337 65
886 2424 71
886 1660 5
886 427 47
1337 534 15
1337 305 15
170 2150 50
170 671 28
170 962 21
2150 973 4
2150 428 65
2150 1636 6
2233 1288 15
2233 2014 10
2233 2200 61
2233 796 51
998 2162 37
998 1053 42
998 2193 39
552 2088 2
552 37 62
552 1725 36
1596 299 99
1596 2102 42
1596 419 52
374 2330 59
374 818 76
2330 2373 6
2330 1783 78
2330 2162 46
1604 2004 77
1604 2151 2
1604 251 30
1604 43 23
2004 1344 67
2004 1021 51
2004 1305 84
2132 2352 19
2132 1841 60
2132 574 87
2352 1974 62
125 579 36
125 1551 16
125 1537 18
125 1112 35
579 2122 67
579 815 19
73 123 44
73 1327 66
73 1511 32
73 1008 24
123 2358 31
123 1788 92
123 2408 60
2436 739 53
2436 367 98
2436 917 81
2436 1656 40
1925 983 95
1925 1507 16
521 1976 70
521 1461 32
521 2104 54
690 1117 17
690 1575 83
690 2377 52
690 1452 69
856 1966 56
856 1585 97
856 105 7
1966 181 52
1966 1471 99
198 1488 73
198 1646 68
198 1219 41
198 2261 65
316 1692 68
316 327 34
316 2304 50
316 1286 34
1692 335 54
1692 745 98
1692 1220 61
147 1203 35
147 1755 47
147 330 79
736 273 10
863 440 67
863 2384 28
863 760 1
863 2434 43
448 535 89
448 1868 21
448 1487 73
535 1332 63
535 175 1
890 2115 14
890 2117 52
890 896 70
587 869 25
547 2271 17
547 2372 97
547 53 61
547 2418 14
2271 1918 84
2271 1471 94
292 1227 77
292 1151 92
292 880 78
292 2131 52
292 1237 16
1227 42 83
256 1847 71
256 1621 47
256 2047 77
256 2332 9
1087 1461 87
1087 474 16
1087 176 65
1087 200 45
1461 725 81
1461 394 57
1461 1594 16
2413 971 81
2413 541 19
2413 1374 58
2413 302 78
1496 2383 24
1496 2479 17
1496 1726 43
2383 2009 60
2383 1558 45
2383 2250 94
714 2303 40
714 70 61
1328 2250 28
1328 314 65
1328 2294 54
1328 1083 33
2115 112 25
2115 2484 56
2115 1932 25
203 1777 13
203 1400 76
203 2020 67
203 1661 70
158 2166 52
158 1834 98
158 2425 75
158 570 75
2166 745 18
2166 1702 41
2166 2102 4
2166 1065 37
211 1009 11
211 788 70
211 405 56
1009 2214 31
1009 2402 22
1009 707 64
159 819 53
159 685 30
159 288 55
159 468 26
819 1896 56
819 2128 45
819 1565 54
114 1076 53
114 330 65
114 2131 60
114 833 27
1076 1136 35
1076 722 26
468 2099 17
468 1960 73
468 2106 50
2099 2280 49
2099 1956 1
2099 712 16
91 1358 58
91 1811 31
91 2157 84
1358 186 23
1956 2260 70
1956 119 13
1956 1022 61
1956 1874 87
2260 588 58
2260 765 67
2259 1112 22
2259 2355 56
2259 1704 49
2259 1806 21
668 2495 67
58 2349 26
58 807 7
58 1378 8
58 1985 37
2349 80 50
2349 178 89
970 30 10
970 2235 81
970 2063 59
380 1582 19
380 1590 24
380 1928 88
1582 1194 98
1582 2249 24
1302 2211 1
1302 979 23
1302 307 54
136 848 11
136 816 30
136 439 98
136 2081 17
848 1230 40
848 400 81
848 1321 64
406 672 82
406 307 37
406 1038 99
406 366 60
406 52 69
672 1294 32
672 175 59
265 1487 52
265 2118 90
1487 715 8
1487 1493 44
2002 491 88
2002 2007 93
1036 2409 89
1036 2100 22
1036 1174 10
184 1764 3
184 275 56
184 2258 63
184 2406 44
1764 585 4
1764 934 75
1764 400 9
1741 83 84
1741 2444 90
1741 1659 36
1777 2009 19
1777 974 90
1777 1288 55
739 1528 64
739 1829 65
739 860 19
1528 1695 89
841 1196 80
841 1292 73
1136 1069 59
1137 1753 87
1137 2197 17
1971 497 56
1971 1416 90
1923 534 31
1923 105 83
1923 1051 12
742 245 26
742 865 58
742 224 32
1196 2117 22
1196 1435 94
1196 1252 51
2117 2331 50
2117 1333 75
1512 2094 65
1512 2221 78
1512 1237 26
1512 1657 25
1512 1864 63
2094 1932 6
2094 675 20
2094 1584 91
1393 2402 75
1393 1383 6
1393 279 88
1393 1 43
1393 1037 29
2402 1875 19
2402 1890 96
2402 1117 81
918 430 35
918 2059 10
918 1201 65
918 810 53
2182 2171 69
2182 2409 100
2182 2092 80
537 285 9
537 1070 9
537 1872 72
666 2302 24
666 893 13
2302 1995 23
2302 1405 93
2302 2210 83
667 1480 78
667 1096 9
667 1093 84
667 449 62
667 764 95
1480 364 89
1480 32 98
1480 2332 47
1480 2011 77
875 1658 64
875 869 68
875 946 47
875 118 45
1658 2275 40
1658 2265 81
1711 2040 66
1711 1766 40
699 1432 51
699 2050 73
699 7 17
699 225 59
1432 1458 19
1432 575 52
1432 1287 61
62 491 17
62 922 28
2009 2031 23
372 775 66
372 215 34
372 1198 36
36 2027 48
36 102 87
36 473 40
36 2286 51
36 1300 74
2027 1667 82
2027 1190 39
2027 1154 74
1119 135 14
1119 1742 19
171 1434 62
171 249 48
171 2299 14
1434 444 79
1434 1854 81
1434 118 38
1012 1471 36
1012 1370 31
1012 140 51
1180 1766 12
1180 2363 95
54 1561 56
54 1853 18
102 516 62
102 2242 100
102 1801 41
102 717 9
516 1893 86
516 271 67
519 575 29
519 1560 13
519 2299 1
519 1368 36
575 2229 10
575 31 55
1712 1027 34
2489 2046 28
2489 1174 6
2489 1355 28
2489 94 24
661 1153 100
661 185 67
661 1542 94
661 932 23
1153 615 71
1153 1169 95
1153 86 59
936 1129 31
936 2191 54
936 2059 90
936 2008 18
1129 2412 61
1129 1246 41
1129 1413 69
1562 117 65
1562 1975 87
1562 1015 85
266 571 82
266 832 75
2257 1667 58
2257 473 39
2257 983 30
1394 1943 52
1394 835 8
1394 1738 92
1394 2360 49
1394 823 18
1943 1991 91
1369 1230 35
1369 1655 14
1369 115 20
1558 321 58
1558 507 84
1558 1946 98
853 2262 70
853 341 16
853 1410 40
853 502 71
2262 1714 30
2262 971 27
2105 1525 93
2105 1162 77
2105 2289 82
1389 2239 69
1389 97 21
1389 1311 20
1389 1662 27
273 640 69
273 2305 76
273 1321 13
273 452 15
640 419 61
640 110 94
1790 2341 55
1790 1376 47
1790 1950 53
212 2387 28
212 216 26
212 1068 70
212 402 16
2387 2092 56
2387 2376 76
781 1982 70
781 2398 14
977 2190 64
977 2212 26
977 569 8
2190 1561 6
2190 1672 53
2190 2390 45
2069 2122 79
2069 1680 1
2069 1319 26
2069 25 80
2122 1325 100
2122 691 87
2122 236 79
275 1855 53
275 376 98
275 597 58
118 1412 88
118 1827 100
118 2303 39
1412 2079 60
151 771 66
151 2007 5
151 1373 75
151 64 70
771 2248 60
771 1612 37
1470 956 17
1470 1560 20
2220 2412 69
2220 1619 16
2220 2397 55
2220 615 90
2412 1937 25
2412 1003 48
2412 1932 69
570 2274 21
570 1509 70
570 1139 46
754 1374 18
754 2234 93
754 2108 35
754 564 72
2495 1258 77
2495 1275 29
422 1271 29
422 1200 68
422 2444 40
1271 939 79
1271 710 82
1271 2293 64
1038 366 48
767 2437 43
767 883 58
767 2248 52
767 2230 3
767 990 33
2437 1978 91
2437 817 63
2437 613 19
1584 2430 71
1584 1883 65
2430 59 15
2493 526 17
2493 2075 20
2493 2335 25
2493 1010 88
2339 2492 73
1383 1384 26
1383 1331 70
1383 278 99
1383 223 5
1154 1937 13
1154 493 1
1154 393 88
1673 2135 39
1673 1488 15
1673 1696 32
1673 1566 68
2135 1170 70
2135 652 93
185 513 6
185 512 33
852 2144 38
852 1886 79
852 525 82
852 1798 99
2144 109 58
2144 2408 91
15 1147 68
15 695 68
2161 1307 93
2161 1399 42
2161 30 15
466 1655 82
466 1410 100
466 2204 81
466 1326 29
804 1061 81
804 2031 30
804 1859 54
804 2278 97
2050 1590 64
2050 1985 67
2050 1305 30
745 968 14
745 1567 70
1708 2479 71
1708 382 19
1708 2096 96
1708 2265 98
2479 1140 51
2479 1514 100
2479 1816 57
1166 1743 82
1166 311 43
1166 371 99
1713 859 42
1713 1205 99
126 1370 64
126 1684 28
126 2255 67
1370 429 80
1370 1262 45
1306 2360 82
1306 2148 39
1306 1234 96
957 1527 96
957 1091 29
957 1049 73
957 860 10
1527 119 55
1527 865 85
1527 2263 65
1527 881 96
459 1287 55
459 514 58
459 2315 66
459 2167 86
459 616 72
1287 2475 7
1287 1572 46
1287 600 21
294 189 16
294 1906 14
1988 2400 19
1988 1169 95
759 1896 35
1220 1385 72
1220 1037 24
1220 1714 57
1385 232 50
1385 1722 3
1385 2434 36
1385 385 54
881 1919 35
1919 1170 55
1919 2265 19
1919 1661 80
738 1870 87
738 1564 86
738 827 24
738 959 12
1870 1782 56
1870 2466 95
1870 1592 16
1883 1887 4
1883 2212 68
1883 196 39
42 1120 46
42 924 39
42 1068 52
42 439 89
1120 1661 19
1120 2406 43
1120 2098 8
1120 2061 77
1468 2391 88
1468 1689 6
1468 2410 25
2405 2498 13
2405 2294 48
2405 1872 53
486 1245 6
486 2329 85
486 910 51
486 2254 77
1245 912 18
1245 1045 58
1245 683 17
1525 240 71
444 1019 39
444 2184 7
444 46 43
444 259 40
1019 1968 67
1019 1123 95
1019 1101 84
1019 632 20
2061 1011 29
2061 216 40
2338 1774 82
2338 1229 9
2338 837 58
2338 1873 66
605 297 18
605 2 52
216 1843 36
462 1827 53
462 765 94
462 336 49
1827 213 58
1827 1103 72
1827 1193 42
137 2296 76
137 1595 95
137 1123 67
137 2238 66
2296 2455 3
2296 904 32
2296 1865 82
2415 836 90
2415 2160 7
2415 1577 74
1488 832 21
1488 2418 91
1488 789 23
2189 314 23
2189 1832 72
435 906 1
435 389 76
906 734 60
906 221 13
2305 1950 1
2305 1201 73
2305 2036 74
763 1940 71
763 1246 84
763 628 96
637 1535 10
637 1785 94
637 1023 13
637 1493 87
637 867 4
1535 1576 65
1535 473 58
1535 48 52
16 959 41
16 1675 90
16 304 43
16 1092 21
16 1703 21
959 1008 6
959 717 76
869 2288 12
869 2369 50
869 1001 35
1074 1536 90
1074 2155 15
1074 2365 5
1536 201 20
1536 465 19
1536 1781 90
912 1284 43
912 1041 70
912 612 19
912 2293 37
1882 1768 80
1882 2294 7
1882 278 28
1638 1874 54
1638 340 23
1638 2224 59
1638 348 66
1638 357 29
1874 313 50
1874 2234 34
395 561 100
395 1282 21
395 384 75
395 40 50
1783 2082 48
1783 240 34
2246 2198 63
2246 713 9
2246 1214 2
821 419 44
821 2331 83
821 1352 33
105 664 99
105 910 29
105 2040 36
664 652 70
664 370 81
826 1178 57
826 1719 50
826 1782 74
826 2334 76
1178 598 88
1178 369 11
1178 437 96
260 725 82
260 716 39
260 1463 31
260 1500 32
1378 251 73
1378 71 44
643 1471 13
643 784 90
1471 695 78
70 2224 41
2108 1704 20
1156 1992 43
1992 1041 18
1992 604 14
1992 1494 15
60 2318 77
60 2007 70
60 1484 19
2318 277 96
2318 1231 71
2318 393 82
2318 49 75
1044 1522 99
1044 1386 43
1044 1990 59
1044 392 7
1044 2332 56
1522 204 89
1522 2406 17
1522 1093 98
1522 2078 99
2475 1429 37
2475 2353 21
2475 951 43
160 2256 9
160 502 37
160 583 63
2256 1486 82
2256 356 73
2256 433 26
1307 1831 64
1307 1766 67
1307 312 32
1307 1060 85
1530 2425 80
1366 274 74
1366 55 11
1366 1585 74
92 2243 72
92 933 43
92 1478 76
92 1039 2
2243 288 73
2243 1231 98
2243 1295 44
1202 1816 40
1451 193 31
1451 2196 29
1451 350 39
1451 2425 82
1889 1841 45
1889 833 55
1889 1279 71
485 1127 56
485 504 92
485 617 73
485 1561 52
1127 1643 94
1127 1576 17
1127 591 73
1127 1192 95
1303 777 72
1303 85 1
1303 2209 60
1303 1344 58
2483 1408 79
2483 585 61
2483 387 1
341 1263 38
341 511 2
341 997 23
329 1553 65
329 1355 42
329 1205 77
329 694 98
329 1864 21
1553 1209 11
1553 1408 61
1553 2275 2
167 737 62
167 1695 99
167 1005 85
167 1174 27
167 1224 49
737 1263 39
737 303 69
737 389 84
2303 1974 50
2303 271 41
623 687 16
623 1203 74
623 1022 72
623 1200 76
687 1008 83
687 1055 34
687 1039 15
1847 1321 19
1888 1456 74
1888 1886 20
1888 1015 11
1529 2223 64
1529 2023 52
1529 1416 75
2223 2291 57
2223 501 39
2223 1096 54
2090 1784 3
2090 1801 22
1363 2395 95
1363 1299 73
1363 1056 85
571 2348 18
571 1316 73
571 94 15
807 150 11
807 1263 33
807 2232 31
807 2028 94
2252 87 97
2252 109 16
1256 1660 3
1256 1181 9
1256 196 9
1256 2315 32
1256 1241 79
1660 974 20
1660 1415 22
600 2258 86
600 2120 96
600 1367 28
2258 1380 21
2258 1719 28
2258 234 64
1357 2237 56
1357 18 44
1357 403 29
1357 772 39
2237 2216 60
2237 1592 71
1591 2175 82
1591 2043 17
1591 1594 19
1591 1348 69
1591 730 70
2175 110 30
1066 1887 81
880 1994 59
880 1065 65
880 1913 96
1898 2066 73
1898 1928 67
1898 1141 13
2066 1809 59
2066 1627 65
2066 1729 42
2066 1016 61
2474 1440 65
2474 1149 71
2474 1015 42
951 1963 17
951 730 19
951 718 24
1963 307 75
1963 1485 62
1963 2197 100
1963 511 70
930 1382 32
930 885 71
930 1228 86
930 1338 25
930 1830 32
1382 636 19
1382 1981 51
1382 2153 15
1382 22 91
2063 1820 23
2063 1399 25
669 1984 51
669 549 51
669 1342 33
669 1720 51
1984 994 12
1984 794 23
1984 1640 53
1984 2070 52
119 1059 29
119 1130 78
119 2101 92
1059 2076 41
1059 1163 44
1059 131 49
1059 1459 18
246 784 30
246 1683 55
246 1869 94
246 1668 88
901 2492 23
901 1495 84
901 1981 96
901 242 74
2492 1098 69
2492 917 41
1743 2141 87
1743 335 14
1743 1926 51
716 1937 72
716 793 34
1098 384 9
1098 1903 25
598 46 49
598 2365 47
598 873 3
381 1409 38
381 887 80
381 389 39
1409 2283 31
1409 1892 52
1409 48 85
1409 1814 83
18 2116 59
57 531 64
57 1151 83
57 433 97
57 1614 77
531 1682 91
531 1540 56
531 1335 26
531 1084 97
297 1452 21
297 515 86
297 2485 27
297 1723 74
1452 885 7
1452 1235 14
1452 175 89
1974 201 34
1974 920 76
1117 2367 93
1117 2145 84
2141 1373 56
2141 1705 85
1486 1964 50
1486 971 60
1486 84 32
2014 2375 33
2014 427 85
2375 1887 100
2375 1415 5
1193 1801 95
1193 503 29
1193 990 64
1139 2148 81
1139 574 11
2148 561 78
2148 1425 100
2148 1483 68
1628 471 100
1628 271 62
1628 1134 67
1628 2098 20
356 719 32
356 1972 79
356 1235 66
356 2033 58
719 1474 20
719 2270 18
719 937 33
2007 426 50
431 1498 69
431 1231 47
431 152 9
140 1589 97
140 1612 73
1589 2010 12
1509 823 2
464 1686 96
464 1313 45
464 2342 3
464 1420 65
1686 2455 99
1686 686 82
337 1070 85
337 750 25
337 487 80
725 2335 16
1518 66 56
1518 939 61
1518 802 44
1518 138 11
1147 1864 79
1147 2292 15
1147 1669 32
1147 634 54
1864 523 90
1864 1295 3
221 1820 8
221 1671 64
221 979 40
1820 1159 85
1820 452 95
14 2244 97
14 950 13
14 25 30
2244 1077 83
2244 2 68
162 193 71
162 665 52
162 409 15
162 1832 72
162 34 81
193 65 37
193 2133 7
115 1379 82
115 324 9
115 71 7
824 2047 76
824 2462 42
824 825 46
1904 1964 21
1904 2307 19
1904 1705 92
1904 2168 26
2008 2021 39
2008 154 85
2008 1872 54
2008 2363 16
2021 2463 56
2021 399 98
2021 830 29
884 2285 80
884 1605 44
884 2401 70
884 1258 45
2285 1602 56
2285 1730 52
2285 236 38
2285 550 66
2023 401 76
2023 578 80
818 1931 49
818 798 68
818 1826 14
1931 1144 22
1931 926 29
1141 2033 84
1141 1348 70
1141 2201 94
647 1293 87
647 1093 63
2245 1035 65
2245 733 68
2245 946 78
2245 1217 1
22 1731 96
22 1809 81
22 1316 71
1731 1901 2
1731 1207 2
1731 614 4
696 1327 60
696 2143 30
696 777 42
882 2360 1
2360 1913 71
1816 311 95
873 1323 91
873 32 63
1073 990 52
1073 1 62
1941 196 28
1941 2486 75
1941 750 57
1184 1880 34
1184 761 76
1184 706 61
1184 298 97
1880 365 32
1880 871 91
1880 479 40
1880 2398 81
154 657 96
154 569 48
2040 1739 5
2040 1300 18
345 1310 36
345 2295 76
345 1364 94
1310 2082 45
1310 1557 5
747 2293 65
747 650 50
747 1704 24
2293 30 11
224 791 6
224 520 79
224 1612 12
224 1425 83
791 2485 3
791 1605 79
449 1679 20
449 1780 8
934 2119 11
934 2297 90
934 2323 58
2119 969 86
2119 1774 42
2119 1323 38
512 1321 35
512 189 63
1668 2343 25
1668 553 28
1668 1781 8
2343 817 79
2343 1561 19
2343 465 51
1498 1377 65
1498 530 43
1539 1485 9
1539 1034 73
1539 499 93
1539 2039 5
1095 2386 96
1095 1514 51
1095 1195 15
1095 1749 76
474 2422 7
474 1975 61
474 2340 42
1424 2208 79
1424 291 5
1335 1352 58
1335 2394 12
1352 1294 85
1352 1605 51
1352 1001 77
2473 564 58
2473 694 95
232 1675 44
232 2151 75
232 2025 45
1675 785 80
1675 1195 50
2052 2346 30
2052 2390 85
2052 657 11
2346 2282 100
2346 2392 88
424 919 34
424 1726 73
1657 2361 72
1657 1006 60
1657 1334 41
2409 2294 56
2409 766 57
2409 652 90
1774 10 62
1774 2426 57
87 2196 19
87 772 64
2196 1557 22
2196 214 30
355 964 67
355 2380 45
355 892 46
355 564 68
355 2155 59
964 33 65
964 1972 7
964 798 93
1000 1826 80
1000 389 64
1809 2461 28
1809 399 20
1809 958 28
1679 2015 5
1679 2270 89
1679 452 23
919 680 3
919 2045 43
919 93 29
919 2334 34
1112 1508 66
1112 382 59
1112 1747 90
1435 131 17
375 146 31
375 898 19
375 810 98
1843 274 55
1655 1720 89
1655 74 17
1720 1791 55
1720 1355 92
1720 926 37
1682 1823 83
1682 679 53
1823 557 32
1823 1454 82
1823 1018 54
1823 1034 84
785 1083 5
785 1047 39
785 310 41
785 153 64
1083 691 48
1083 317 42
1083 803 90
251 2 98
1309 2251 47
1309 1187 43
1309 430 61
1309 2098 93
1309 1798 59
2251 1569 60
2251 43 60
1460 1646 16
1460 498 89
1140 1300 86
1140 1334 28
1140 1376 62
429 2323 38
429 293 2
429 1368 30
2323 46 79
367 139 9
367 1595 78
2368 1258 87
2368 1542 6
2368 95 31
1448 432 57
1448 1201 97
1448 281 18
1448 2486 30
387 1211 58
387 632 3
387 2340 71
975 1035 59
975 2145 19
975 373 80
975 1211 40
1035 1067 28
1035 465 44
533 2379 28
533 348 67
533 1999 35
240 1456 9
240 1990 54
240 497 100
1901 797 63
1901 391 56
1901 312 5
1601 1618 69
1601 2444 74
1618 165 63
1618 1356 82
2213 83 1
2213 1928 96
498 93 18
498 2070 14
229 1753 58
229 1829 82
1753 1968 72
1753 30 52
1373 281 39
1373 1205 26
1064 291 62
1064 314 33
1064 836 68
1279 1688 79
1279 65 66
1279 867 78
1688 831 12
1688 1472 53
1688 1560 92
1688 259 5
2047 1767 4
127 658 30
127 803 97
127 685 96
658 2197 40
658 950 59
658 1689 69
658 239 20
423 1474 93
423 839 72
423 561 50
1474 1353 81
1474 675 68
2355 907 80
2355 476 7
2355 631 93
2355 2211 67
2408 2181 52
2118 2379 74
2118 1735 92
2118 97 96
2118 2329 54
2379 1807 61
2379 2280 22
2379 1538 86
1003 2463 5
1003 1060 98
2463 631 9
2463 2214 90
1400 200 47
1400 49 24
1700 1351 60
1700 1592 7
1700 2486 62
1700 525 9
371 1732 76
403 591 37
2168 2358 81
2168 1649 39
2358 90 9
2358 1704 84
2358 576 82
1717 2422 48
1717 2226 6
1717 443 15
1717 152 20
2422 427 14
2422 1231 84
2422 1299 15
1229 1216 32
1229 1811 94
1229 1250 14
1494 1626 99
1494 683 66
1494 2067 20
1626 1372 31
1626 2178 87
1626 52 15
2391 342 81
2391 1288 87
2391 1188 15
1008 2025 20
1008 1041 93
2046 2101 58
2046 1819 11
1029 1247 62
1029 1900 78
1029 527 44
1832 43 68
1010 1413 36
1932 1812 60
1932 924 96
756 314 3
756 1380 13
756 1188 52
578 1199 74
578 1213 4
1199 2111 6
1683 1053 37
317 2363 75
317 1170 7
317 1086 84
317 2134 18
2363 1437 58
1643 1157 42
1643 2134 58
1643 214 48
2031 548 43
2031 985 6
2043 2127 41
2043 612 94
2043 1915 37
2209 730 99
2209 788 7
2209 124 56
1051 1769 14
1051 2334 23
1051 2327 16
1769 1106 51
1939 492 23
1939 2304 98
1939 1671 21
833 1198 14
858 1495 34
858 1978 44
858 1103 2
1495 1606 8
1495 1265 54
2382 1234 50
2382 960 35
2382 1887 38
2382 2269 61
1353 40 14
1353 1900 78
1353 2372 73
1262 1151 21
1262 2048 45
1258 1817 23
1258 1295 49
2248 2289 43
2248 1922 99
2248 1537 37
2289 1348 98
1726 1174 56
1726 968 96
681 2039 15
681 1365 16
681 1162 33
681 1654 17
1499 1649 80
1499 252 19
1499 2053 16
1499 467 51
1649 1877 48
1649 2045 21
1649 938 19
1346 2373 13
1346 1900 19
1346 1405 34
2373 701 11
956 1778 74
956 2332 40
1374 2121 10
1374 563 10
2377 152 8
2377 1108 44
83 1877 94
404 628 93
404 2092 40
477 866 87
477 1532 32
477 2497 47
7 1077 91
7 1056 99
1405 1906 62
1405 1663 4
1906 2158 29
1935 2071 37
1935 1892 39
1935 2274 48
2071 1371 38
2071 2158 11
2071 1219 43
1564 271 3
1564 632 64
1564 1403 5
1667 2466 73
1985 755 93
200 2120 40
515 1942 33
515 2230 92
515 1011 50
515 2158 29
1085 2211 45
1085 1640 10
1085 255 41
1085 1015 37
138 1690 82
138 810 30
138 2232 33
138 1284 87
1690 1859 7
1690 416 45
1690 1557 70
1690 683 40
74 304 5
74 1768 29
74 327 21
2076 2353 33
2076 354 24
2076 2298 3
2076 1006 60
2353 599 85
2353 567 37
1216 2421 39
1216 157 65
574 1991 18
574 1034 12
574 840 22
1991 2317 24
1991 98 77
1206 2204 90
1206 2113 73
1206 499 10
1206 1028 52
2204 2335 11
2204 1965 48
1368 1750 6
1368 2487 18
1815 2433 16
1815 887 16
1815 398 61
2433 1188 18
2433 354 71
80 1311 62
80 2221 11
80 1556 69
1311 2207 88
1311 704 33
131 1542 14
131 501 12
1542 932 9
1542 347 78
98 1594 27
98 55 41
98 700 58
1594 46 93
1594 830 56
1041 636 24
1041 984 35
320 2461 5
320 1765 53
2461 2194 74
376 1575 50
376 340 77
376 408 15
1575 2499 74
1575 788 92
1575 1463 64
885 270 49
885 1013 1
885 1734 80
1791 2426 24
1791 2247 7
1791 2075 54
2426 1246 54
1021 258 51
1021 1049 5
166 2035 90
2254 518 81
2254 2263 63
939 2102 10
939 1840 97
2102 1747 2
1574 1390 57
150 2210 48
150 11 79
1355 1814 57
1355 430 58
1194 1459 94
1194 163 73
1440 1566 25
1440 2392 90
1440 1701 37
1566 44 69
1566 1560 74
636 1246 100
636 817 62
1246 279 22
1109 1695 3
1109 1079 41
1109 827 56
1109 1426 27
1695 734 3
534 1235 16
534 2026 100
1235 755 60
1661 2208 17
1661 733 27
2208 2416 47
2208 641 98
2208 1577 37
1710 1384 29
1710 2416 82
2287 369 99
2287 1572 70
2106 2329 13
2106 1325 86
2106 933 16
2329 1834 78
134 2055 100
134 1872 9
134 95 53
134 1047 69
134 651 68
2055 2306 35
441 1946 84
441 1013 49
441 72 99
441 2113 76
441 922 1
1946 2371 8
1028 1538 4
1028 1517 6
1751 1395 82
1751 2396 86
1751 549 55
176 1514 60
176 2429 29
176 1192 5
907 924 66
907 1730 16
907 2093 12
146 467 81
1885 1213 81
1885 362 58
391 2005 48
1282 1636 18
1282 293 56
1282 1607 45
1636 253 75
1829 2034 94
1829 239 70
2034 2284 98
2034 282 36
2034 2194 58
1134 1472 92
1134 1540 23
1134 797 80
1134 1191 9
1472 731 43
1472 1214 22
1738 2404 43
1738 1215 48
1738 402 42
2404 416 18
1144 694 22
75 670 65
75 1732 40
670 1950 81
670 921 66
11 1143 92
11 969 63
11 1865 20
11 1854 93
1143 2283 1
1143 815 89
1143 550 62
659 1364 28
659 2210 14
659 634 7
1364 416 45
1364 1422 61
1364 1067 88
590 1264 52
590 65 49
590 165 73
1264 702 3
1319 1241 14
937 1308 65
1308 1654 51
1308 772 46
1308 1422 59
443 2005 69
443 321 34
443 326 76
443 830 80
2005 1793 22
1265 2342 64
2342 2145 73
2342 1758 26
627 2384 19
627 340 34
627 1750 44
627 1873 41
1151 794 88
1151 1084 39
1551 499 28
1551 225 9
1551 835 16
321 1195 80
321 2198 54
629 1313 28
629 2231 50
629 2165 48
629 322 79
629 527 19
1313 644 11
1313 974 39
1313 335 4
1300 2487 2
1300 1532 49
557 1208 10
557 2127 79
557 2162 75
1208 1224 23
1208 1517 81
1208 1190 12
1208 1877 48
829 396 5
829 789 11
829 657 73
204 797 71
204 1421 49
204 1207 19
652 784 65
652 1775 1
1538 370 19
1538 2075 96
595 2157 49
595 993 46
1371 392 29
1371 1543 1
1371 1859 54
1719 64 61
1719 293 87
806 1023 10
1023 541 62
803 303 99
803 1830 38
1617 2369 72
1617 2366 73
1617 493 97
1617 259 80
2369 1515 57
2369 110 45
2369 1290 67
2114 2421 91
2114 2291 88
2114 139 1
2114 1344 49
2421 1176 43
2421 560 83
1384 189 42
1384 900 77
935 965 59
935 1624 18
935 66 52
965 2128 15
965 698 27
513 1501 97
513 2230 84
513 2406 35
1501 326 29
1501 2149 79
1501 1018 28
790 1284 46
790 733 43
790 385 2
1284 648 92
1576 2193 39
1576 524 51
2193 94 18
2193 1077 30
110 1447 55
417 2207 11
417 393 63
417 1056 97
2207 1771 50
333 523 46
333 1484 56
333 231 17
333 665 11
523 1977 19
883 1198 69
883 2033 63
883 597 57
1865 1959 56
1959 893 34
1959 2453 93
1907 487 55
1907 40 81
1907 2015 81
2282 1212 47
2444 1917 67
700 1633 43
700 1116 19
700 1157 65
700 1218 24
1633 2128 84
1633 2120 99
369 1910 57
369 920 77
348 1410 61
348 879 56
348 1490 63
1410 2088 82
1761 1403 49
1305 2093 25
1305 792 91
2093 1725 91
2093 2299 16
2093 195 18
1903 1556 45
1977 772 24
2211 2181 60
2376 1426 63
2376 1230 77
2376 1797 60
2334 223 97
866 2288 21
866 2455 31
866 1799 46
2288 748 43
827 761 8
827 2443 11
827 181 73
1937 1091 78
274 84 87
274 399 74
196 163 7
44 86 64
44 1752 28
44 867 100
44 285 16
86 1237 44
86 1379 75
1890 1978 12
1890 451 33
1978 1627 82
33 1654 88
33 112 87
33 2232 63
33 1811 5
1654 1590 69
644 425 56
330 960 29
330 2385 39
492 327 21
492 1926 73
1106 1344 28
1106 144 41
1106 68 95
32 1429 8
902 2221 47
902 584 6
902 1644 71
2390 2272 52
811 1840 17
811 231 38
811 481 59
811 299 54
1840 1047 92
1840 1961 5
1142 1986 1
1142 1299 97
1195 753 15
969 2020 16
969 291 94
52 1970 74
52 1556 11
1187 1391 74
1187 393 12
1873 572 88
2459 1996 100
2459 958 10
2459 1749 74
2297 2499 54
2297 1504 86
2297 2395 11
1181 1417 15
1723 2386 19
1723 1507 67
1723 705 56
1247 509 51
733 111 46
415 685 80
415 1292 11
415 892 39
685 2134 78
685 1198 78
777 1228 5
777 1831 25
777 1672 74
584 2392 37
584 2234 62
1917 135 16
1917 695 63
1540 1965 31
1540 961 91
851 2420 74
851 2048 43
851 2015 31
2420 2191 41
268 530 5
268 1684 74
268 385 98
268 1599 22
753 322 49
1515 1483 80
1515 2453 74
1515 2307 45
860 1543 84
860 2157 23
860 1080 100
1543 1656 18
1543 267 6
180 2406 86
180 1849 55
180 525 80
2229 428 24
2229 41 51
2367 2331 7
2367 795 52
715 1569 98
715 157 87
715 787 11
1569 823 37
1569 2198 5
1327 1892 20
1327 357 85
1327 491 90
1771 2394 89
326 962 8
326 1190 6
2372 2029 88
2372 2109 65
831 1742 67
831 1362 7
1831 1598 34
1831 2403 88
924 279 7
78 352 78
78 1016 16
78 698 48
78 1849 8
352 2128 63
352 2395 11
352 2200 26
520 1222 84
520 1804 23
520 66 81
520 1415 28
1222 765 49
1222 72 85
365 530 67
365 2310 67
365 169 82
530 1289 52
835 1913 24
835 604 37
1913 1811 47
572 2442 36
572 2035 93
572 1056 46
2442 722 67
2442 2304 25
1294 1380 38
1294 524 68
1380 2092 82
2250 1205 83
1323 985 97
1022 1860 13
1022 1659 52
1860 1900 91
1860 904 1
1860 1982 13
1331 1886 74
1331 594 84
1331 2490 26
1331 153 44
1877 2116 20
385 2184 31
401 822 80
401 634 74
401 2226 53
1342 1922 89
1922 1621 2
1922 2317 34
896 2001 18
64 343 7
64 1942 19
64 2484 91
810 1390 27
1871 2275 69
1871 1694 99
479 2348 76
479 1421 83
2348 430 50
1077 214 31
1376 1812 65
1376 1614 61
1376 1278 19
1812 1859 51
1812 526 29
1812 2155 88
362 487 96
362 594 7
362 994 20
487 1422 6
1691 613 92
503 453 69
1999 2326 34
1999 1600 24
2326 1379 16
678 2054 6
678 1680 53
678 2078 79
751 1320 85
751 2167 51
751 239 37
751 765 75
88 490 78
88 2130 19
490 942 62
490 1785 92
490 1116 79
1080 2177 64
1080 905 92
1080 405 21
1080 1459 29
2177 825 76
2177 1091 90
1157 2307 26
1157 1252 10
2079 2149 44
2079 730 39
2079 2361 72
2221 2039 3
2275 1295 39
2275 541 71
440 1443 3
440 1854 48
1443 2089 63
1443 124 6
1176 497 55
1176 148 51
1804 2100 5
1804 926 25
1804 1354 24
2100 255 22
755 946 16
1605 822 26
1605 237 85
1656 1875 6
718 2067 53
718 364 63
2067 282 66
2067 2235 41
2067 2145 26
2178 1079 54
2178 2277 71
2178 239 50
2111 1108 66
2111 1402 4
1456 2332 35
1456 1060 88
506 2039 79
506 2386 100
506 1242 64
1485 452 19
561 2306 53
0 2029 92
0 677 71
0 1455 8
2029 2131 8
1354 1732 54
1354 2089 21
1732 1514 69
249 518 97
249 1801 10
249 1362 74
249 671 62
518 2036 98
518 1972 69
567 864 64
567 382 94
567 663 29
567 90 59
864 425 75
864 267 28
864 1288 77
253 1162 71
253 1209 20
253 2380 36
1162 245 73
1162 1377 98
1223 1663 42
1223 677 31
1223 501 39
1223 1191 93
1223 2238 43
1663 501 30
1663 1420 51
112 2165 38
112 132 87
112 2399 60
1097 2197 57
1097 259 12
1097 1437 35
1097 1047 83
2197 1275 35
419 1685 71
419 2469 29
2038 898 59
2038 1116 48
225 921 67
225 1849 87
507 1055 43
507 255 82
507 1430 63
1055 2239 25
310 25 99
310 794 69
761 1928 53
761 2399 63
802 1619 68
1619 2484 5
293 1094 39
1079 2201 87
1079 1395 99
1079 497 70
179 1767 48
179 1507 65
493 1170 35
493 933 21
493 1103 64
1170 2429 51
764 2158 5
2158 215 68
657 1420 59
657 1508 38
1377 1567 98
1567 2310 86
1621 2184 77
1621 815 86
979 2460 63
979 1822 93
979 2054 71
2460 2247 17
2460 705 27
2460 904 83
1659 502 61
37 2484 33
37 2347 11
1689 343 36
1689 2054 61
1045 1767 30
1767 322 13
1767 1436 76
1130 1811 52
1130 1436 5
1130 370 60
2295 1765 85
2295 437 86
2234 2490 52
2234 1070 19
1918 922 88
1918 124 58
1918 1881 86
1739 1096 61
1739 85 71
195 1718 100
195 2340 6
1718 2386 94
663 255 95
663 1455 88
2045 2497 74
2497 497 1
688 35 15
688 1343 32
1585 563 71
1585 1042 88
1585 2216 5
730 698 100
1677 2143 14
553 2101 86
553 2171 46
553 2159 15
1158 1778 94
1158 1982 6
1778 1782 93
1775 453 3
1775 898 67
1416 82 16
1252 2277 44
1252 186 74
564 428 30
564 707 28
1348 565 3
364 1624 27
364 373 54
1624 832 8
837 2487 59
837 1599 8
837 1211 5
2487 1133 82
2341 990 47
2341 1454 83
859 1250 11
2304 683 69
100 2086 2
100 2398 85
2086 2447 4
2086 315 15
2012 697 21
2012 2216 4
2012 1625 56
1625 1234 12
2294 613 56
1299 1855 11
1299 505 38
1960 2230 44
1960 190 32
1975 2400 34
1975 398 29
2400 1701 61
616 1858 37
1858 1704 16
1858 40 46
2455 1037 67
2455 1669 92
680 796 82
680 1215 87
680 252 76
796 950 62
796 679 93
1996 599 78
1301 165 80
1301 233 45
1680 2078 15
1680 1965 72
1680 2299 41
2078 2424 4
2078 2116 76
49 1868 77
49 1188 42
1868 1669 70
1868 1067 75
307 41 50
1372 2087 1
1372 1386 43
793 1504 77
793 31 11
793 2249 1
1504 855 96
1807 2011 94
787 1968 9
787 2242 85
1292 2469 83
1292 392 44
1631 1785 42
1631 2327 42
1631 2089 12
1631 467 26
1785 446 81
1785 416 47
938 2269 97
648 2396 82
648 95 35
476 871 74
476 1483 61
476 178 13
871 1018 58
871 1478 82
1267 1629 62
1267 453 77
1629 1855 50
1629 1598 96
2036 334 41
750 2278 30
750 1052 16
750 1403 88
2278 2159 21
2278 1062 14
2242 303 18
2242 845 63
2307 2274 95
1893 2198 44
1893 1537 69
962 2053 29
962 1103 68
962 2331 49
2053 288 67
2249 2261 84
2249 2448 87
2261 604 26
2261 1207 66
1590 55 89
855 1819 75
855 2292 86
855 1905 78
1819 2184 12
1819 505 39
1819 1422 3
1646 971 94
2485 2347 88
2149 384 16
2149 2104 40
1927 2280 96
1927 370 37
1927 1145 90
1927 795 99
2280 1478 76
2270 1326 3
2270 1242 21
2291 231 44
2291 1676 42
439 704 79
1209 2306 1
1209 223 89
2306 2347 77
1465 302 9
1465 1484 33
1465 1001 86
1060 581 5
305 560 10
305 1722 4
560 2453 66
560 832 47
560 153 45
153 691 46
1320 654 19
1320 2136 67
1320 1508 69
1886 1165 80
1572 1395 99
1572 1986 100
2134 2136 25
2134 1211 92
845 960 23
845 1069 33
165 1869 64
165 1768 1
1869 483 45
1869 695 15
1799 2121 27
1799 1421 17
504 132 31
504 550 7
55 654 39
55 2215 33
654 343 9
654 1237 63
654 2165 89
2065 236 29
2065 255 6
2380 2155 52
2380 974 96
1614 1602 34
1614 1013 7
1614 1070 100
400 581 86
581 766 73
581 1200 96
581 1671 74
1942 481 56
1942 1905 25
366 2394 65
366 973 39
2394 576 50
1995 984 58
1995 893 67
1995 1896 1
794 1408 54
373 1242 17
1242 2035 99
2224 926 87
983 705 87
1970 2366 6
1970 625 12
2366 1004 93
1449 2371 27
1449 1469 7
1449 1587 77
2371 1426 28
2371 271 20
1872 234 18
1438 35 29
1438 527 45
1438 758 66
2448 650 16
2448 828 89
82 766 94
82 1702 32
1219 65 64
1219 1326 87
351 1052 26
351 2153 27
351 1696 16
1052 569 55
1052 1458 26
2015 2298 20
2384 1417 91
2384 1600 74
2048 1011 47
2048 960 82
1212 1990 39
1212 34 48
1212 705 72
1990 336 32
281 1218 96
1685 1806 18
1685 432 80
1685 313 100
1685 1994 37
1806 1069 71
1065 2336 15
241 1422 10
241 792 35
241 2327 2
241 588 87
2167 695 93
2167 1511 44
35 2298 100
35 792 4
35 354 99
599 394 54
599 1217 7
717 1915 50
1039 72 67
1039 53 85
1436 1765 82
1436 259 5
576 1627 76
1478 1334 41
399 879 3
612 830 90
1650 1293 72
1650 2127 84
1788 748 40
1788 527 26
1200 2127 24
1200 213 77
2127 887 62
1896 1094 56
1159 1 4
1159 867 88
428 10 67
402 163 4
1133 1126 90
472 910 7
472 1004 53
1493 2133 94
1493 65 62
1493 242 17
2133 2116 91
2133 784 67
59 451 9
451 334 25
451 2292 17
446 631 45
446 892 47
631 1490 42
1730 1145 11
1213 2200 93
2200 2361 92
135 2001 97
1887 1484 100
1483 2238 74
950 1437 39
950 384 99
1813 1075 67
1813 1508 48
1972 822 48
1278 1228 21
1278 2335 31
1278 1190 58
2171 1102 32
2171 1224 90
2171 347 62
993 1392 5
993 1275 61
993 942 18
1392 1426 78
1392 1766 41
2054 242 16
2392 342 60
1841 710 97
1841 825 100
483 1430 93
483 731 86
2263 2092 72
2298 1602 38
2298 1565 97
95 1837 66
1338 2410 96
1986 1169 10
1986 1402 41
1986 887 61
1034 2160 70
1034 611 11
2160 473 43
2160 1950 67
2401 772 16
2401 614 81
2401 1734 86
1228 2059 13
1013 1892 36
946 2212 26
1981 1505 75
1481 1694 65
1481 1755 75
1481 565 99
1481 614 45
1481 505 11
671 536 57
1696 1339 13
1696 1037 56
2364 340 48
2364 1862 90
2364 2232 7
1011 1637 7
1011 2130 50
1637 1365 97
1637 921 56
1637 1875 65
1637 1742 13
1606 2075 87
1606 2312 36
382 541 70
973 1793 40
973 721 95
973 2310 65
697 2315 64
697 426 25
2239 758 44
432 218 61
432 651 19
258 2315 99
258 1784 13
2315 569 85
1961 2396 84
1961 2272 61
1458 1817 41
1458 825 61
1817 2399 1
1817 1703 62
90 1455 49
90 1290 69
1093 1784 73
682 2498 88
682 1163 86
682 313 58
2498 712 1
2159 698 34
223 2153 57
223 2191 93
712 408 14
712 1430 62
712 67 34
526 2028 76
1197 1532 26
1197 933 21
2101 1391 89
2101 1356 1
453 702 76
453 1592 13
702 2403 38
1437 1135 6
2398 1676 86
748 1387 65
1387 2443 41
1387 604 36
2327 12 99
1742 628 46
347 2396 49
347 713 27
2396 1671 72
1881 997 9
1421 1755 15
1016 2462 85
343 1599 93
1826 760 31
1607 1123 90
1607 313 98
1484 1365 25
2216 1084 38
1165 299 70
1 233 77
1 2423 12
430 588 32
163 839 36
163 12 30
233 985 67
233 525 29
233 839 92
641 1505 61
641 408 18
641 277 39
641 597 61
1505 2096 17
1505 2025 56
12 393 75
426 2088 38
426 324 22
2088 2393 68
2033 117 93
370 213 62
650 2210 7
2210 2181 90
524 893 68
2235 1782 20
2235 1092 80
2087 1330 99
2087 760 57
1234 1316 26
442 701 39
398 1425 75
398 795 56
2082 201 16
2082 1015 8
178 2403 63
1075 1926 28
2 611 45
1982 732 55
1108 1351 72
1108 1145 100
1108 2077 20
1915 2096 90
1915 231 96
2096 611 59
2277 686 49
2277 245 82
2277 1734 60
213 1793 76
213 2120 31
1662 53 33
1662 1722 40
1725 720 3
1725 588 93
2499 1006 68
2499 1218 52
66 966 81
66 2070 66
966 1275 23
1684 614 93
1684 2130 21
1356 1822 80
1356 1244 67
1356 277 30
1822 1149 86
1822 816 61
1439 396 43
1102 85 3
1102 1862 100
1102 1780 45
1702 2317 47
1367 550 77
1367 1749 80
1408 2026 90
565 1794 94
565 1600 89
1794 892 74
1794 1910 21
892 1263 84
405 614 80
709 904 68
1241 350 89
481 874 32
1004 1049 88
1004 1454 89
1049 527 61
9 1834 23
9 2456 25
482 1768 40
482 2357 77
234 471 88
471 433 76
471 409 16
397 548 7
397 984 73
397 722 88
563 2143 92
563 1379 80
879 1417 94
879 961 80
879 2131 92
1417 1126 91
1417 1068 28
117 2299 73
117 1477 41
2397 1600 55
1507 139 14
1714 1676 32
706 1750 10
706 2194 28
706 189 96
1430 2393 62
1430 2098 50
71 1735 4
71 1361 90
342 1612 83
1854 1203 74
1148 25 32
1069 792 25
1084 1298 36
585 915 99
585 327 72
585 994 90
915 1215 60
915 1379 7
357 394 88
357 409 95
1365 2194 14
1365 384 54
2194 465 11
1275 2026 55
97 832 96
97 2399 57
613 2075 3
2462 354 33
2462 318 24
2462 2191 99
1859 1735 41
245 1729 53
2393 1215 20
2393 2466 69
2385 1781 81
2385 798 94
1602 2151 38
536 1557 37
536 1853 38
93 2286 37
239 1163 9
2181 1703 63
1577 823 14
299 2484 44
1135 298 71
1135 701 73
1135 942 87
2410 288 68
1056 2312 21
2312 997 78
2312 2201 45
2020 625 94
2020 1517 50
2020 1126 11
311 1755 13
1047 1447 83
1042 1343 34
1042 2434 99
1343 867 10
1343 2136 80
1326 1125 1
1326 68 18
2255 1116 92
336 1463 78
1005 298 42
1005 758 59
2283 1797 16
2283 1001 25
2283 427 4
291 267 83
2070 94 78
597 1477 20
1477 218 9
315 900 49
1288 1126 88
1837 2361 25
1565 261 73
1214 1250 90
1214 1061 24
1250 984 58
686 960 92
2026 2423 66
237 1510 84
237 1500 95
1510 840 99
1510 2077 92
1510 1500 70
1965 2035 99
473 1330 69
514 2365 6
514 1676 53
1231 874 93
828 1734 14
1413 583 48
231 2001 65
2001 278 2
318 1862 3
318 1101 41
1862 139 74
675 2028 78
675 41 95
236 2232 91
236 910 92
2403 525 29
1537 961 22
1910 2464 30
594 583 31
898 961 59
898 1339 50
1781 900 97
625 2077 43
625 1758 53
625 1062 22
181 976 100
181 1386 81
302 1447 51
302 1552 89
302 698 43
334 2357 26
1595 1190 40
1595 1469 78
303 559 80
917 816 8
1094 392 57
2331 2205 43
1290 1784 39
1290 1703 21
1290 2191 6
997 2447 14
2447 189 46
2447 261 73
31 1390 48
968 218 24
2109 175 37
1295 409 74
1703 2424 47
732 1333 43
732 285 6
1027 2165 66
2151 1552 1
1391 285 77
721 2165 35
722 2424 27
788 1598 74
252 1780 92
720 1125 60
720 2365 21
2113 1701 64
2113 10 57
511 1191 12
2028 1644 16
634 2131 72
67 148 76
416 278 36
2361 1905 10
2136 111 20
1201 2347 10
823 1062 87
2162 1298 83
932 1101 83
839 704 94
704 789 56
1447 617 21
1627 798 46
1627 94 76
1905 2423 16
1123 679 40
148 1750 9
840 2226 95
677 548 96
1298 277 73
427 2456 76
1218 1362 59
509 261 83
509 1191 95
2077 1729 5
1766 72 92
922 1425 98
922 1092 53
2230 1701 20
139 2226 21
1330 1834 56
1330 350 93
1018 2336 21
1062 1830 14
1830 1211 17
1830 111 76
1729 792 78
48 976 18
48 2205 47
389 2124 57
2124 701 80
2089 2464 3
2089 324 53
2464 1469 56
335 2490 5
68 905 49
2205 555 41
1293 34 34
1293 1705 47
1834 1705 65
1092 1517 61
611 285 36
1511 985 44
2201 1532 4
25 111 75
958 651 6
1552 2238 97
433 1490 45
1061 1217 93
1217 522 70
926 548 6
758 2286 56
1169 277 31
651 2238 44
1006 1556 52
1006 169 100
2490 921 99
1747 874 72
1086 1705 4
2215 2226 73
522 1339 41
1926 1402 64
1598 2272 53
43 2429 75
2269 775 6
2425 169 28
1517 157 50
1103 111 60
1163 157 64
