2500 6250
882 2486 6
882 452 72
882 18 56
882 961 87
882 745 74
2486 1538 5
2486 804 50
2486 1679 11
2486 2036 29
467 2244 38
467 465 55
467 1357 100
467 1511 54
467 2318 55
2244 485 18
2244 1696 97
2244 203 54
2244 99 61
2055 2380 95
2055 1809 31
2055 1824 71
2055 612 66
2055 1671 35
2380 773 22
2380 2094 37
2380 110 2
2380 1279 10
1334 1829 11
1334 279 52
1334 2104 33
1334 1094 13
1334 202 78
1829 142 99
1829 2344 72
1829 1542 16
1829 1551 85
1155 2352 77
1155 1846 15
1155 438 16
1155 2388 76
1155 1450 5
2352 1757 92
2352 2115 42
2352 2316 15
2352 948 88
78 2139 61
78 703 70
78 807 61
78 2151 12
78 2329 62
2139 776 38
2139 406 8
2139 824 20
2139 305 72
1814 2402 86
1814 72 18
1814 545 25
1814 2108 15
1814 2229 42
2402 1519 91
2402 1101 40
2402 352 17
2402 517 90
1174 1584 72
1174 1013 6
1174 656 68
1174 1135 43
1174 380 12
1584 1932 4
1584 1109 20
1584 212 68
1584 1324 90
936 2170 68
936 404 68
936 2069 8
936 2419 20
936 2489 18
2170 1403 51
2170 1693 14
2170 748 84
2170 1067 77
1528 1816 34
1528 1060 55
1528 576 70
1528 2385 24
1528 172 33
1816 1418 97
1816 1291 41
1816 1889 94
1816 1659 80
224 1964 91
224 1995 46
224 1379 91
224 2345 22
224 1045 15
1964 1838 86
1964 838 38
1964 95 40
1964 943 76
232 1559 24
232 1930 17
232 738 8
232 1424 12
232 1724 4
1559 113 70
1559 92 45
1559 456 49
1559 244 59
1180 2301 65
1180 149 33
1180 1218 48
1180 2373 74
1180 1857 19
2301 1382 55
2301 1790 52
2301 2448 75
2301 554 39
483 912 45
483 2174 31
483 1316 44
483 2300 57
483 1527 67
912 505 84
912 109 76
912 2323 52
912 1874 44
371 442 74
371 1238 28
371 1719 48
371 1776 47
371 2126 57
442 1131 56
442 33 76
442 917 33
442 1596 24
553 1385 82
553 877 43
553 620 47
553 2066 27
553 713 15
1385 703 33
1385 450 92
1385 1792 43
1385 2347 95
1130 1891 43
1130 1815 82
1130 957 3
1130 2190 63
1130 2290 56
1891 796 66
1891 494 58
1891 667 45
1891 2193 49
901 2068 11
901 2118 17
901 1438 33
901 756 61
901 2075 99
2068 525 10
2068 2276 76
2068 1148 3
2068 771 64
433 2488 88
433 670 40
433 2200 40
433 2006 70
433 951 21
2488 165 35
2488 695 93
2488 1115 26
2488 1643 15
562 2373 83
562 92 95
562 456 96
562 716 3
562 2152 40
2373 1895 69
2373 1702 46
2373 915 29
1298 1475 62
1298 412 3
1298 1129 62
1298 1313 15
1298 1550 85
1475 747 40
1475 241 71
1475 489 72
1475 788 28
1248 1654 89
1248 12 39
1248 138 90
1248 999 67
1248 1036 86
1654 1116 66
1654 1803 27
1654 1309 45
1654 513 96
242 2368 36
242 2225 63
242 733 51
242 473 13
242 1148 76
2368 2400 60
2368 1590 35
2368 1833 30
2368 1432 41
989 1659 8
989 239 3
989 2434 10
989 723 9
989 1237 71
1659 2265 12
1659 2385 19
1659 289 67
725 795 24
725 2327 18
725 1029 9
725 967 10
725 2217 65
795 651 80
795 1973 99
795 250 24
795 1862 67
414 2367 31
414 1534 36
414 1150 97
414 2304 2
414 407 25
2367 2331 44
2367 2163 76
2367 161 90
2367 2232 68
97 179 48
97 233 57
97 283 89
97 1419 5
97 939 6
179 481 62
179 1773 32
179 1188 63
179 875 40
1992 2458 81
1992 2321 40
1992 598 26
1992 2142 17
1992 40 64
2458 768 84
2458 579 13
2458 2396 22
2458 1693 8
894 2186 96
894 1063 84
894 1419 24
894 1282 80
894 2204 72
2186 803 61
2186 697 81
2186 1615 25
2186 2048 37
704 2025 10
704 1520 25
704 175 37
704 277 34
704 1756 22
2025 1360 92
2025 909 8
2025 1717 56
2025 1981 48
499 1098 49
499 1355 21
499 576 72
499 923 42
499 1912 95
1098 1580 27
1098 1687 30
1098 2483 38
1098 1845 13
323 2333 11
323 1208 43
323 1257 67
323 1125 13
323 31 9
2333 482 9
2333 1186 14
2333 1267 8
2333 2117 95
598 2272 15
598 664 21
598 1512 43
598 2172 41
2272 2149 93
2272 2279 99
2272 1885 72
2272 1153 33
1346 2431 21
1346 1183 54
1346 1615 95
1346 1722 78
1346 2079 50
2431 1676 73
2431 1280 85
2431 1397 82
2431 2396 85
465 2221 21
465 1734 92
465 1229 81
465 1759 17
728 1335 52
728 896 90
728 1745 29
728 2428 94
728 578 94
1335 1054 38
1335 332 67
1335 1454 59
1335 1122 67
1031 1144 25
1031 1482 26
1031 872 42
1031 390 24
1031 218 74
1144 2391 64
1144 472 66
1144 1350 6
1144 269 48
253 813 65
253 1851 57
253 1476 10
253 543 61
253 2192 21
813 720 38
813 2303 55
813 2360 14
813 1356 27
1205 2428 66
1205 1864 70
1205 2097 40
1205 870 34
1205 1322 27
2428 929 8
2428 1394 63
2428 1924 55
290 2277 73
290 2152 91
290 410 81
290 1949 16
290 93 40
2277 1442 32
2277 2079 61
2277 2479 5
2277 1420 94
825 1389 4
825 1259 100
825 1384 84
825 1560 41
825 1245 33
1389 1994 21
1389 1265 16
1389 1770 71
1389 1906 55
582 2156 52
582 680 17
582 802 66
582 1279 100
582 1063 25
2156 1184 27
2156 2138 90
2156 1749 61
2156 1692 10
761 1404 99
761 1692 67
761 2034 100
761 1958 46
761 1953 65
1404 678 49
1404 1119 36
1404 193 83
1404 1553 1
180 1624 2
180 374 77
180 2241 48
180 839 24
180 2304 100
1624 1236 13
1624 2115 94
1624 2481 53
1624 2340 9
27 362 9
27 596 46
27 505 71
27 1677 71
27 2475 75
362 1943 88
362 856 14
362 1384 30
362 1365 16
335 2464 60
335 1826 78
335 1885 66
335 642 9
335 2247 77
2464 1317 84
2464 571 24
2464 1815 97
2464 1288 33
1164 2023 29
1164 494 8
1164 1105 99
1164 531 19
1164 2405 8
2023 1529 46
2023 686 74
2023 1055 78
2023 1093 47
711 765 89
711 691 84
711 1217 15
711 849 74
711 2189 41
765 245 64
765 2452 10
765 2169 2
765 2403 1
1863 1997 16
1863 791 78
1863 1978 46
1863 1215 10
1863 2076 99
1997 2164 86
1997 1245 51
1997 1758 93
1997 588 44
44 1699 80
44 511 39
44 1115 7
44 741 97
44 2344 17
1699 1692 67
1699 1855 41
1699 32 91
1699 757 53
816 1690 88
816 384 35
816 1935 100
816 2204 61
816 1589 100
1690 2306 8
1690 1782 32
1690 2087 13
1690 247 61
792 1104 30
792 2370 55
792 430 91
792 1351 11
792 1177 42
1104 1341 34
1104 2364 72
1104 2124 15
1104 2183 95
1466 1543 43
1466 1398 78
1466 581 40
1466 415 17
1466 1563 14
1543 1082 92
1543 696 22
1543 492 71
1543 1423 54
404 1224 33
404 328 43
404 1762 66
404 2267 8
1224 750 27
1224 2307 43
1224 178 27
1224 459 10
1048 1969 72
1048 169 37
1048 1249 42
1048 443 91
1048 952 41
1969 2337 8
1969 9 20
1969 1934 66
1969 1462 74
2195 2362 95
2195 1078 69
2195 1640 45
2195 515 92
2195 1324 21
2362 1580 14
2362 983 76
2362 1901 22
2362 2028 86
138 701 51
138 1424 100
138 2016 45
138 2492 83
701 351 30
701 981 15
701 1143 14
701 1932 29
919 1037 51
919 535 40
919 1194 23
919 1264 69
919 2226 30
1037 91 43
1037 1720 70
1037 1268 21
1037 184 49
530 1979 29
530 2152 83
530 1444 30
530 944 23
530 1795 80
1979 2418 79
1979 588 53
1979 1321 8
1979 151 90
893 2031 100
893 846 78
893 1049 67
893 2332 34
893 436 27
2031 561 18
2031 896 77
2031 868 15
2031 2365 6
764 1917 46
764 957 26
764 1214 47
764 2358 95
764 229 61
1917 2081 2
1917 1187 35
1917 1204 41
1917 872 65
198 1240 13
198 1728 38
198 1983 79
198 507 77
198 2194 71
1240 1319 86
1240 1682 65
1240 794 13
1240 2111 15
1020 1348 66
1020 2062 71
1020 1374 17
1020 1785 74
1020 2286 93
1348 957 17
1348 1600 42
1348 818 7
1348 2203 1
672 2328 81
672 277 63
672 597 12
672 1294 63
672 459 84
2328 2060 89
2328 300 9
2328 2313 11
2328 2162 73
1503 2485 44
1503 858 93
1503 35 42
1503 991 19
1503 580 63
2485 2318 84
2485 100 50
2485 1880 84
2485 1476 65
773 615 53
773 2324 19
773 2187 65
773 337 14
1754 1838 59
1754 605 94
1754 1872 32
1754 2017 49
1754 1790 39
1838 2435 82
1838 2445 74
1838 1617 18
174 1297 35
174 2017 5
174 969 53
174 1632 47
174 1942 72
1297 2308 51
1297 2229 62
1297 1106 80
1297 195 64
351 2349 87
351 1233 8
351 1261 9
351 2006 77
354 2167 49
354 678 70
354 2466 7
354 342 6
354 514 89
2167 479 15
2167 984 56
2167 1123 26
2167 981 52
1123 1446 51
1123 904 83
1123 1666 80
1123 1284 57
1446 1381 26
1446 1318 68
1446 116 85
1446 495 10
823 925 44
823 1091 37
823 428 16
823 295 60
823 1124 88
925 1980 66
925 2449 48
925 51 29
925 719 9
1873 2203 98
1873 81 47
1873 5 29
1873 1594 32
1873 1899 20
2203 2499 13
2203 1689 53
2203 14 45
654 1641 50
654 230 5
654 1866 48
654 153 59
654 564 94
1641 2071 72
1641 1049 97
1641 2148 99
1641 1218 82
929 1351 76
929 1378 98
929 2117 80
929 969 65
1351 2279 26
1351 1877 85
1351 928 80
1558 2313 14
1558 824 69
1558 1731 89
1558 2497 84
1558 2081 72
2313 2072 67
2313 1975 86
2313 1418 23
1193 1626 15
1193 1454 12
1193 1702 18
1193 737 53
1193 1482 7
1626 1673 49
1626 151 70
1626 62 26
1626 2032 84
1145 1878 20
1145 1178 34
1145 2410 64
1145 1840 27
1145 1581 92
1878 1920 75
1878 627 59
1878 2440 62
1878 1732 54
236 606 38
236 643 42
236 1146 98
236 1317 18
236 2136 2
606 2396 13
606 867 20
606 1024 78
606 2474 69
258 365 60
258 2089 55
258 1321 29
258 1765 86
258 2259 12
365 898 88
365 2147 5
365 181 64
365 1176 63
1030 1110 69
1030 109 64
1030 1821 50
1030 503 99
1030 1014 12
1110 1740 53
1110 971 9
1110 1592 71
1110 246 63
965 1166 95
965 2149 21
965 829 90
965 330 39
965 1117 92
1166 2064 91
1166 1872 37
1166 1714 52
1166 2253 63
331 2011 59
331 2200 83
331 2314 19
331 1099 77
331 971 9
2011 334 71
2011 2477 99
2011 677 79
2011 192 89
12 2084 97
12 1899 86
12 1210 79
12 954 49
1132 1279 79
1132 934 19
1132 1382 5
1132 869 7
1132 2466 97
1279 1361 28
1279 1774 4
1703 2263 56
1703 693 61
1703 403 27
1703 2035 95
1703 337 31
2263 1502 75
2263 2061 19
2263 1027 13
2263 132 89
669 1252 62
669 1322 96
669 1978 75
669 1 1
669 443 76
1252 1465 99
1252 376 71
1252 908 57
1252 1986 85
1578 2268 65
1578 2121 65
1578 766 51
1578 199 29
1578 312 83
2268 874 18
2268 2341 72
2268 2475 10
2268 767 4
2106 2387 47
2106 470 57
2106 1809 38
2106 670 18
2106 2449 90
2387 1371 69
2387 1384 99
2387 736 90
2387 1831 87
1700 1736 86
1700 1103 17
1700 1872 30
1700 80 30
1700 95 88
1736 1619 79
1736 1821 14
1736 895 71
1736 466 71
348 1547 32
348 1506 81
348 635 61
348 2291 30
348 1985 9
1547 393 22
1547 1793 41
1547 907 20
1547 840 30
1483 2381 96
1483 463 100
1483 493 77
1483 1043 27
1483 1425 90
2381 1877 93
2381 184 97
2381 563 47
2381 890 57
757 2240 90
757 1496 35
757 196 22
757 511 90
2240 1579 33
2240 1760 55
2240 1135 69
2240 18 79
1725 1914 90
1725 1909 89
1725 2446 100
1725 1505 24
1725 1222 7
1914 778 56
1914 1897 39
1914 1616 10
1914 1315 53
693 832 75
693 986 24
693 2201 32
693 1950 76
142 1173 39
142 1215 52
142 1140 30
142 1370 28
906 1996 51
906 2163 48
906 1918 45
906 928 63
906 162 65
1996 2074 66
1996 1607 15
1996 735 60
1996 1025 4
278 441 17
278 1672 16
278 864 24
278 2331 9
278 384 39
441 1010 70
441 2342 52
441 2334 82
441 195 33
665 1604 74
665 1774 53
665 552 3
665 1767 75
665 1462 34
1604 1434 34
1604 564 21
1604 777 56
1604 2249 45
1657 2389 57
1657 1877 48
1657 308 25
1657 856 61
1657 2224 86
2389 122 66
2389 1412 44
2389 2382 88
2389 684 10
766 1198 29
766 2382 3
766 971 33
766 2358 85
1198 1294 59
1198 2228 5
1198 1231 44
1198 1511 5
1674 1804 70
1674 1056 59
1674 1599 4
1674 254 60
1674 2215 81
1804 357 88
1804 104 16
1804 345 45
1804 1481 38
1832 2390 18
1832 173 71
1832 317 77
1832 168 11
1832 2361 36
2390 1554 37
2390 1221 19
2390 1015 21
2390 2153 21
858 2184 27
858 1627 35
858 1738 23
858 2256 10
2184 2417 86
2184 970 38
2184 238 74
2184 641 92
372 1015 80
372 125 89
372 558 71
372 1445 4
372 200 14
1015 1662 50
1015 1316 61
1015 2239 69
1286 2338 5
1286 1125 26
1286 326 69
1286 1157 87
1286 2182 96
2338 1223 54
2338 317 49
2338 2245 93
2338 455 28
395 1901 50
395 1432 65
395 2408 79
395 2447 83
395 1644 28
1901 2135 78
1901 2111 63
1901 821 97
1169 1524 94
1169 304 29
1169 2365 86
1169 2299 87
1169 1650 68
1524 1533 53
1524 332 46
1524 583 84
1524 2317 74
313 785 60
313 852 81
313 71 80
313 1251 72
313 2340 34
785 1872 19
785 1051 16
785 498 80
785 1046 99
934 815 55
934 388 68
934 200 43
934 808 42
1660 1761 44
1660 458 38
1660 2070 18
1660 1846 83
1660 2094 68
1761 364 38
1761 945 55
1761 812 3
1761 527 72
786 968 22
786 2212 84
786 2254 67
786 1682 99
786 182 49
968 2191 8
968 793 31
968 1001 31
968 1895 42
1978 2336 4
1978 1455 28
1978 763 1
2336 24 89
2336 1849 57
2336 2013 31
2336 1652 11
211 508 75
211 377 33
211 1842 100
211 1828 64
211 207 55
508 1292 91
508 1857 45
508 1034 27
508 491 94
434 2243 59
434 739 10
434 1788 33
434 1680 35
434 715 68
2243 1496 9
2243 594 71
2243 533 5
2243 1668 14
680 873 60
680 2161 76
680 1618 44
680 292 24
1839 2177 81
1839 329 79
1839 131 26
1839 417 75
1839 1061 37
2177 1706 16
2177 536 94
2177 2164 80
2177 1415 93
1966 1989 44
1966 2433 35
1966 399 4
1966 2166 94
1966 779 82
1989 1781 27
1989 2350 31
1989 2315 83
1989 1897 69
678 1560 57
678 1238 70
678 431 45
1687 1756 46
1687 2004 95
1687 1645 83
1687 151 43
1756 2059 8
1756 2327 32
1756 13 67
881 1363 91
881 1916 62
881 985 1
881 2078 46
881 1011 55
1363 2078 35
1363 1596 70
1363 1077 11
1363 1742 82
392 2138 43
392 1203 54
392 461 46
392 1565 45
392 1621 57
2138 1183 26
2138 2235 10
2138 2092 77
1630 2124 4
1630 412 14
1630 1364 61
1630 1593 94
1630 1887 18
2124 2394 89
2124 727 96
2124 448 81
1160 1946 20
1160 2266 21
1160 2057 7
1160 2120 79
1160 263 39
1946 288 33
1946 899 91
1946 1403 40
1946 2382 67
1288 2131 69
1288 2443 63
1288 42 44
1288 1779 24
2131 950 77
2131 768 33
2131 1399 76
2131 455 49
25 2317 23
25 396 14
25 1430 71
25 1672 29
25 664 72
2317 1733 39
2317 193 48
2317 1757 15
1513 2249 90
1513 386 21
1513 1915 40
1513 1463 45
1513 829 32
2249 153 86
2249 1536 33
2249 1994 27
561 488 31
561 741 1
561 346 16
561 772 59
103 170 75
103 1890 9
103 1958 47
103 783 2
103 1786 55
170 1175 47
170 2145 99
170 539 11
170 1830 62
10 1928 22
10 408 33
10 768 68
10 1828 82
10 2441 2
1928 509 45
1928 1623 59
1928 2403 100
1928 417 86
1154 2316 33
1154 1868 5
1154 1923 95
1154 1898 45
1154 266 94
2316 978 34
2316 527 51
2316 427 39
579 2085 65
579 2077 38
579 1012 4
579 1679 30
2085 1167 25
2085 2364 23
2085 762 58
2085 885 59
1423 2477 4
1423 1705 20
1423 154 75
1423 1398 68
2477 81 4
2477 1511 81
2477 1231 89
222 1289 51
222 1765 19
222 2353 47
222 1792 23
222 2398 48
1289 2311 52
1289 60 21
1289 476 11
1289 1310 54
1175 2375 52
1175 2247 28
1175 81 66
1175 1215 78
2375 1767 77
2375 1899 97
2375 1488 46
2375 1478 81
724 2439 3
724 438 63
724 353 88
724 834 12
724 1080 20
2439 1233 23
2439 2429 43
2439 707 20
2439 777 14
1755 1903 21
1755 2354 64
1755 1918 46
1755 210 99
1755 1970 83
1903 1785 56
1903 621 6
1903 550 60
1903 660 95
1161 1430 17
1161 1220 93
1161 1128 17
1161 1705 73
1161 136 75
1430 796 48
1430 2287 19
1430 850 54
464 2256 65
464 758 56
464 821 9
464 1419 58
464 1367 30
2256 1554 14
2256 1637 56
2256 592 97
734 1851 46
734 784 72
734 2366 99
734 1313 82
734 189 56
1851 1548 86
1851 877 29
1851 1170 26
2012 2468 99
2012 753 16
2012 1326 95
2012 150 32
2012 1242 24
2468 2289 57
2468 1774 78
2468 1083 87
2468 1107 62
1382 1216 71
1382 1401 64
1382 473 27
659 1677 67
659 1540 22
659 1894 5
659 1507 2
659 1880 57
1677 281 59
1677 332 31
1677 2430 46
3 2275 63
3 1907 25
3 2454 26
3 2069 10
3 1808 1
2275 2192 73
2275 827 44
2275 738 74
2275 2419 17
312 1569 89
312 1621 49
312 320 20
312 534 89
1569 904 30
1569 2438 65
1569 1393 44
1569 1073 79
546 753 38
546 539 11
546 1019 35
546 2496 71
546 804 56
753 1770 40
753 1651 36
753 1124 71
363 1800 9
363 1498 78
363 1982 26
363 845 27
363 2190 94
1800 2423 69
1800 1357 67
1800 2027 88
1800 1525 97
8 1343 89
8 820 2
8 144 43
8 803 98
8 2100 6
1343 657 75
1343 409 39
1343 2086 44
1343 1843 40
877 537 78
877 1807 67
877 89 3
799 2101 23
799 922 95
799 2069 66
799 1560 13
799 545 13
2101 280 44
2101 2418 43
2101 1824 85
2101 405 40
1785 2181 25
1785 1199 32
1785 118 87
723 1325 18
723 237 54
723 1217 70
723 1282 21
1325 430 26
1325 902 10
1325 2204 37
1325 183 52
537 640 8
537 2466 1
537 1143 87
537 1331 72
640 1976 7
640 1230 34
640 1221 21
640 526 40
308 817 29
308 1668 20
308 2164 92
308 2325 87
817 521 3
817 221 75
817 488 94
817 2181 6
1068 2491 98
1068 260 47
1068 2339 74
1068 2215 15
1068 2254 33
2491 1858 72
2491 1536 40
2491 787 74
2491 531 38
1684 2494 39
1684 113 81
1684 2140 78
1684 2062 7
1684 2196 19
2494 1644 72
2494 1850 28
2494 2000 14
2494 225 18
1484 1911 39
1484 238 44
1484 602 85
1484 1636 45
1484 515 90
1911 690 66
1911 2199 3
1911 577 82
1911 209 13
341 2162 72
341 1226 46
341 300 33
341 207 34
341 1848 39
2162 714 25
2162 2283 60
2162 84 82
950 1223 77
950 1526 32
950 1444 39
950 2303 75
1223 2210 43
1223 1128 45
1223 522 43
241 763 52
241 1730 30
241 2002 62
241 1373 71
763 401 20
763 1539 80
763 2284 15
889 1213 90
889 751 82
889 1803 45
889 237 47
889 979 81
1213 1340 19
1213 1023 91
1213 2482 4
1213 150 97
521 2155 35
521 155 100
521 2420 68
521 266 52
502 538 32
502 2294 78
502 507 49
502 1236 24
502 2208 29
538 1092 49
538 993 47
538 2405 70
538 20 25
674 1813 17
674 1593 83
674 2455 94
674 2070 43
674 2421 1
1813 2423 55
1813 2304 77
1813 2116 35
1813 2454 33
1292 1337 89
1292 1266 85
1292 2364 28
1292 800 52
1337 767 11
1337 1182 51
1337 2032 60
1337 1453 13
386 1531 27
386 68 2
386 1309 60
386 2158 64
1531 324 10
1531 461 77
1531 1242 76
1531 548 90
1386 2140 71
1386 1377 96
1386 594 66
1386 758 81
1386 2351 91
2140 621 15
2140 1658 85
2140 2230 15
493 1105 62
493 1096 93
493 2252 78
493 815 62
1105 2241 12
1105 1759 77
1105 637 24
457 1411 92
457 117 79
457 309 19
457 1656 96
457 1326 17
1411 1000 54
1411 1013 85
1411 1111 67
1411 932 48
639 1159 6
639 1448 33
639 2056 22
639 600 22
639 2351 60
1159 255 69
1159 2332 51
1159 2054 54
1159 2412 3
1556 2322 76
1556 751 75
1556 1477 20
1556 1392 70
1556 2452 65
2322 1118 93
2322 1810 33
2322 99 37
2322 2216 22
471 528 27
471 176 42
471 938 31
471 878 73
471 1625 84
528 681 18
528 1663 77
528 1710 42
528 1017 80
868 1396 69
868 115 93
868 327 98
868 2282 29
1396 992 84
1396 685 85
1396 1181 98
1396 853 13
699 2112 14
699 373 2
699 419 1
699 106 63
699 2462 67
2112 2206 17
2112 291 73
2112 1136 73
2112 1062 54
19 1306 94
19 122 25
19 306 45
19 53 62
19 1342 91
1306 1141 78
1306 749 72
1306 984 29
1306 1170 19
353 428 92
353 780 64
353 487 67
353 2078 88
428 1510 81
428 1259 15
428 407 90
120 1883 74
120 948 87
120 1253 22
120 746 88
120 2442 9
1883 527 16
1883 2252 81
1883 976 18
1883 653 22
531 700 64
531 2386 23
531 2432 46
700 569 41
700 754 36
700 2407 88
700 1402 93
1442 273 62
1442 427 84
1442 1384 59
1442 159 65
2280 2366 21
2280 1772 79
2280 1815 65
2280 306 11
2280 632 23
2366 1766 10
2366 2353 36
2366 628 5
627 1054 8
627 67 72
627 460 85
627 931 38
1054 2038 14
1054 121 64
1054 2455 66
305 774 8
305 2291 54
305 2403 73
305 1414 92
774 918 28
774 1852 20
774 50 100
774 1076 33
1974 2444 97
1974 2232 53
1974 239 3
1974 820 6
1974 1819 55
2444 1594 86
2444 2405 58
2444 2470 72
2444 1726 36
1836 1921 63
1836 865 25
1836 1849 88
1836 2454 45
1836 1751 15
1921 1122 93
1921 247 10
1921 1718 47
1921 2016 77
1418 1933 65
1418 1895 4
1418 2308 85
1933 714 100
1933 249 78
1933 1844 77
1933 717 63
1748 1808 73
1748 1156 33
1748 1939 94
1748 1050 20
1748 2344 95
1808 1375 57
1808 573 45
1808 1152 92
182 1727 83
182 123 44
182 1486 61
182 1554 54
1727 789 84
1727 2343 26
1727 2146 36
1727 2150 77
586 1551 54
586 1861 79
586 1089 25
586 245 14
586 942 4
1551 668 55
1551 91 34
1551 1043 87
1398 2000 17
1398 533 64
1398 1379 25
976 2002 63
976 1993 28
976 2342 66
976 1009 27
2002 318 51
2002 984 17
2002 1421 89
1425 1828 11
1425 263 19
1425 998 58
1425 2265 51
1828 2158 99
1828 1126 39
129 1083 79
129 28 82
129 1902 28
129 2206 10
129 2320 66
1083 185 10
1083 1820 15
1083 99 61
318 1060 40
318 2095 84
318 1593 11
318 2200 85
1649 2216 78
1649 1781 91
1649 1710 75
1649 2262 70
1649 128 20
2216 951 50
2216 455 17
2216 1733 15
238 1802 62
238 1459 63
238 2179 98
2200 2176 13
2200 2298 25
1561 1874 86
1561 1086 15
1561 2257 18
1561 420 26
1561 2440 54
1874 187 75
1874 1943 14
1874 2399 58
832 93 77
832 2330 88
832 1118 65
832 2221 5
152 922 93
152 1410 9
152 1262 88
152 1005 93
152 419 18
922 199 13
922 974 28
922 420 9
45 796 73
45 2032 1
45 1784 51
45 2107 55
45 1491 1
796 1696 84
796 1918 11
542 1602 82
542 614 100
542 1080 11
542 585 32
542 2221 33
1602 390 17
1602 1010 89
1602 1965 93
1602 1544 17
835 1595 6
835 32 9
835 1951 57
835 2432 79
835 1789 6
1595 2235 87
1595 1153 85
1595 1226 22
1595 2427 40
425 1202 51
425 100 96
425 1853 84
425 610 17
425 2213 45
1202 1501 51
1202 389 98
1202 1763 27
1202 608 54
658 1669 35
658 772 33
658 1137 91
658 897 58
658 2309 45
1669 361 62
1669 1812 20
1669 807 23
1669 2416 72
632 2434 97
632 2482 96
632 1282 52
632 359 63
2434 200 52
2434 789 38
2434 1117 56
1287 1840 19
1287 2394 85
1287 1893 54
1287 43 13
1287 89 43
1840 556 29
1840 2361 92
1840 69 67
136 2267 60
136 1818 34
136 688 78
136 2024 37
2267 1431 44
2267 1898 56
2267 1500 29
443 963 70
443 1209 92
443 638 28
963 406 98
963 729 92
963 2108 34
963 2299 94
68 1574 20
68 705 82
68 656 52
68 1071 37
1574 2039 15
1574 2148 68
1574 1719 34
1574 1391 35
296 1438 41
296 987 38
296 791 4
296 1151 50
296 1823 22
1438 1314 45
1438 1730 76
1438 1792 95
2383 2453 57
2383 1743 13
2383 1546 96
2383 962 21
2383 1269 7
2453 924 60
2453 2281 6
2453 742 66
2453 1331 63
1734 2007 46
1734 1249 95
1734 1865 43
1734 944 1
2007 379 13
2007 267 61
2007 339 44
2007 1299 92
115 2225 17
115 1639 67
115 134 78
115 2472 59
2198 2407 58
2198 1983 46
2198 1449 77
2198 1751 91
2198 153 17
2407 2015 35
2407 2130 64
2407 2165 9
1439 2355 80
1439 293 95
1439 161 99
1439 408 57
1439 2376 74
2355 937 69
2355 480 55
2355 1636 9
2355 1162 98
1876 2356 57
1876 1768 38
1876 484 99
1876 1238 50
1876 717 46
2356 1138 90
2356 520 30
2356 1340 75
2356 473 89
1329 1729 14
1329 272 74
1329 1456 68
1329 2260 53
1329 473 21
1729 745 87
1729 1708 53
1729 2141 97
1729 951 91
573 928 100
573 2018 83
573 445 15
573 1122 7
928 1631 26
928 2326 35
918 2364 79
918 2289 93
918 2171 71
918 1731 50
488 220 6
488 1387 63
488 839 46
1413 2073 6
1413 713 55
1413 15 33
1413 999 7
1413 1539 4
2073 206 15
2073 87 81
2073 2120 15
2073 1092 33
2015 427 78
2015 2084 74
2015 1171 1
2015 1744 95
1552 2417 96
1552 2401 47
1552 1798 63
1552 1300 21
1552 857 29
2417 1467 26
2417 1181 66
2417 1544 96
72 883 97
72 1852 61
72 1733 75
72 357 76
1092 116 33
1092 1210 63
1092 1381 37
574 749 87
574 370 4
574 1165 63
574 1139 51
574 1242 85
749 9 73
749 1861 85
749 789 7
1711 2410 21
1711 1227 11
1711 2189 18
1711 123 34
1711 1373 100
2410 1366 41
2410 134 23
2410 913 94
391 1567 64
391 71 98
391 1232 39
391 1922 68
391 916 28
1567 696 97
1567 2005 34
1567 147 40
1567 518 8
2235 315 74
2235 1307 18
2235 1918 27
113 2042 94
113 1929 81
113 2105 16
583 1508 14
583 1510 13
583 1299 60
583 1458 63
1508 2499 9
1508 277 82
1508 128 46
1508 1242 33
194 235 11
194 316 77
194 245 54
194 863 2
194 862 91
235 603 34
235 726 59
235 601 66
235 2058 14
560 2019 19
560 1939 60
560 1944 40
560 1112 14
560 292 10
2019 2460 43
2019 2004 13
2019 2192 2
2019 779 73
105 163 26
105 2433 96
105 1455 90
105 1619 20
105 1892 59
163 874 70
163 1365 28
163 132 57
163 96 9
36 2278 72
36 1908 26
36 1963 50
36 1990 48
36 1544 68
2278 2178 86
2278 831 3
2278 310 85
2278 621 89
1450 2490 36
1450 2487 86
1450 2236 96
1450 139 79
2490 1653 50
2490 2499 17
2490 1704 80
2490 0 21
1448 1663 86
1448 2160 64
1448 2180 42
1448 2175 83
1663 1572 80
1663 943 67
1663 1352 67
2130 628 30
2130 184 15
2130 558 8
2130 2281 72
910 977 79
910 953 65
910 1023 54
910 509 19
910 687 65
977 1273 41
977 1207 33
977 1187 72
977 1096 94
820 2215 53
820 1211 40
820 1691 65
2215 801 44
2215 199 45
233 469 22
233 1076 53
233 625 59
233 244 58
469 2182 73
469 1361 67
469 861 82
469 284 72
1579 1590 66
1579 540 28
1579 2386 10
1579 449 54
1007 1260 33
1007 1451 4
1007 959 32
1007 1063 65
1007 1426 47
1260 477 66
1260 1377 6
1260 695 18
1260 1698 7
2400 686 60
2400 1763 51
2400 2044 40
2400 1365 68
195 1116 68
195 484 16
195 154 98
1116 1489 86
1116 2182 26
1116 998 80
2071 1139 15
2071 2337 64
2071 192 57
2071 2384 60
992 1206 30
992 407 41
992 2089 98
992 1087 30
859 2035 60
859 1293 16
859 1643 92
859 848 77
859 797 48
2035 2436 64
2035 1124 58
2035 2176 20
590 827 62
590 1789 99
590 2270 39
590 1480 21
590 1216 69
827 485 87
827 849 63
827 972 93
2171 2236 91
2171 1046 41
2171 1406 60
2171 1399 83
2236 1943 46
2236 1429 70
2236 342 57
208 533 26
208 346 89
208 755 69
208 270 81
208 2391 37
533 1597 12
533 164 53
1801 2437 81
1801 525 12
1801 1142 10
1801 480 31
1801 259 36
2437 572 37
2437 1405 12
2437 350 8
2437 781 39
1273 1435 5
1273 2288 17
1273 2113 72
1273 440 28
605 1401 63
605 2045 48
605 189 87
605 853 14
1401 692 86
1401 547 16
1401 907 32
801 1460 59
801 1023 95
801 1137 79
801 884 19
1016 2103 44
1016 2384 68
1016 257 1
1016 134 13
1016 2295 69
2103 857 82
2103 784 64
2103 1636 26
2103 557 72
782 1936 25
782 2047 21
782 101 70
782 905 89
782 593 36
1936 2212 25
1936 145 67
1936 1368 6
1936 189 74
1618 2208 40
1618 885 41
1618 1986 39
1618 1743 21
2208 74 83
2208 1571 70
2208 1977 30
83 1935 10
83 810 23
83 328 68
83 451 88
83 1799 1
1935 600 39
1935 1182 37
1935 246 20
191 1239 9
191 491 63
191 2206 37
191 1694 35
191 880 95
1239 705 83
1239 2169 94
1239 239 46
1239 1408 39
1355 2053 69
1355 2424 88
1355 1427 87
1355 602 68
1046 1753 57
1046 891 7
1046 831 5
1753 171 43
1753 1383 6
1753 85 21
1753 1322 4
438 1345 73
438 770 37
438 892 31
1345 2004 50
1345 317 43
1345 2150 14
1345 915 30
1149 1622 88
1149 374 98
1149 591 48
1149 1763 36
1149 1185 59
1622 549 59
1622 1951 78
1622 2134 88
1622 2360 56
32 842 76
32 1732 7
32 1421 49
842 995 44
842 1723 19
842 158 33
842 67 73
1417 2339 26
1417 204 44
1417 2109 14
1417 297 5
1417 615 33
2339 1055 59
2339 2479 92
2339 2300 27
775 886 14
775 1059 11
775 1323 37
775 409 56
775 452 38
886 1258 74
886 156 41
886 608 51
886 1490 45
1299 1795 71
1299 1518 1
1299 1613 96
1795 921 12
1795 1065 94
1795 984 50
1998 2321 73
1998 1834 64
1998 1405 38
1998 2099 95
1998 2076 89
2321 2095 60
2321 497 74
2321 1071 99
1619 1623 91
1619 216 44
1619 2190 42
1983 345 49
1983 733 97
1983 209 58
1890 831 49
1890 1042 71
1890 1747 32
1890 1233 52
664 2223 46
664 344 8
664 364 57
2223 1971 74
2223 1133 24
2223 121 99
2223 1856 28
373 1256 18
373 273 77
373 2262 35
373 2309 88
1256 1504 43
1256 1008 28
1256 1012 82
1256 1566 56
1957 2145 40
1957 1977 17
1957 47 80
1957 1949 15
1957 615 43
2145 2084 10
2145 662 93
2145 1788 90
1281 1633 3
1281 988 52
1281 1372 87
1281 657 26
1281 1953 4
1633 2192 56
1633 175 90
1633 1320 81
1633 1133 63
697 1582 14
697 1629 87
697 1040 7
697 266 56
1582 1219 31
1582 1770 87
1582 921 81
1582 705 5
1285 1523 23
1285 423 85
1285 1549 48
1285 6 58
1285 2460 55
1523 1057 24
1523 1041 33
1523 1847 68
1523 2075 25
1605 1693 85
1605 1809 20
1605 1614 62
1605 2104 16
1605 1035 17
1693 302 8
1693 1652 54
596 712 20
596 2075 94
596 1368 99
596 2399 99
712 1148 91
712 776 48
712 1018 43
712 870 39
95 2416 93
95 2228 31
95 220 69
2416 2379 9
2416 797 70
2416 1271 22
1103 1977 81
1103 322 45
1103 1481 44
1103 788 52
1977 1171 90
1977 2276 61
1825 2376 58
1825 520 74
1825 1941 92
1825 1296 8
1825 2057 23
2376 1229 84
2376 512 54
2376 281 35
2160 223 62
2160 812 25
2160 1340 57
2160 1024 12
633 1947 26
633 273 5
633 600 54
633 1537 36
633 625 18
1947 2440 13
1947 474 10
1947 2097 80
1947 1080 43
1211 1695 53
1211 268 27
1211 1218 16
1211 1399 77
1695 1402 81
1695 1635 12
1695 1886 14
1695 1506 74
1147 1939 14
1147 398 26
1147 1234 31
1147 1960 14
1147 2212 17
1939 622 6
1939 2261 100
153 1655 54
153 1696 76
2053 791 95
2053 401 1
2053 2169 100
2053 207 88
682 1021 85
682 961 41
682 2021 12
682 1704 70
682 64 81
1021 1835 51
1021 983 25
1021 53 94
1021 1919 65
962 1075 92
962 2412 42
962 361 42
962 1203 44
1075 2312 56
1075 2100 83
1075 1731 17
1075 123 26
1141 376 40
1141 478 10
1141 144 88
1141 1823 98
306 1673 15
306 1546 32
306 1577 40
1673 415 66
1673 1950 57
1673 1336 87
165 554 23
165 2394 85
165 1041 45
165 2302 29
1606 2345 60
1606 2133 7
1606 2066 73
1606 629 32
1606 1010 26
2345 1720 42
2345 2426 43
2345 462 11
604 1259 98
604 1300 61
604 205 16
604 2426 83
604 954 83
1259 2287 94
1259 1769 66
924 1843 90
924 1261 31
924 709 43
924 1113 29
1843 1187 58
1843 696 44
1843 1215 82
1944 2461 15
1944 1868 3
1944 1530 99
1944 729 91
2461 375 70
2461 214 81
2461 2074 85
2461 1008 45
1943 568 85
1943 1600 81
1533 2109 4
1533 2271 97
1533 2197 31
1533 645 9
2109 652 61
2109 2297 50
2109 1490 58
790 981 60
790 2001 100
790 96 34
790 2220 5
790 1716 17
981 1405 39
981 132 73
1976 1850 38
1976 424 22
1976 1662 71
1976 118 62
1820 2287 12
1820 1457 46
1820 2395 38
1820 28 17
2287 378 90
2287 625 37
228 1214 56
228 2150 10
228 1769 82
228 2497 34
228 2218 48
1214 2197 1
1214 569 94
1214 935 17
393 1590 33
393 602 54
393 209 2
393 1255 11
123 1686 40
123 1266 9
1686 577 57
1686 1126 64
1686 2022 56
1686 1380 87
742 1206 23
742 1167 42
742 2151 29
742 1403 45
1206 1867 2
1206 1074 93
1206 1806 36
2032 1434 54
2032 534 68
866 1501 66
866 1773 25
866 2155 88
866 611 52
866 884 36
1501 2473 93
1501 2087 55
1501 828 7
996 2254 23
996 252 9
996 802 80
996 416 12
996 2220 65
2254 2099 49
2254 127 60
1861 1406 48
1861 645 46
1861 887 100
758 1150 56
758 28 27
758 2306 61
1150 141 87
1150 983 80
1150 321 94
1572 2144 63
1572 58 70
1572 1140 70
1572 214 88
651 2218 36
651 1056 64
651 132 45
651 1726 70
1210 2479 3
1210 1837 79
1210 2033 50
2479 973 47
2479 1603 9
1924 2465 5
1924 2059 1
1924 695 54
1924 2118 81
2465 1637 59
2465 1393 60
2465 1634 19
2465 289 4
2433 525 19
2433 1847 73
2433 293 16
603 2151 80
603 1084 97
603 756 62
603 2279 41
2151 2058 18
2151 2180 13
479 1627 9
479 1050 80
479 1307 36
479 449 75
1627 2445 35
1627 1082 24
1627 2463 44
117 1090 11
117 949 47
117 29 19
117 1225 4
346 869 12
346 1183 98
346 2014 93
569 1749 37
569 2379 63
569 1655 71
1749 1187 18
1749 1328 21
1749 1043 28
388 1445 30
388 140 22
388 1521 71
388 863 29
1445 565 67
1445 990 57
1445 1762 6
1846 2194 45
1846 737 8
1846 648 91
2065 2067 24
2065 2122 66
2065 20 44
2065 1468 1
2065 2451 44
2067 1987 62
2067 107 100
2067 2040 54
2067 2056 4
555 804 8
555 1179 42
555 780 37
555 364 34
555 1383 63
804 811 90
804 2238 85
1233 9 9
1233 240 49
2197 1232 57
2197 1315 83
2197 932 66
364 91 100
364 1608 25
1167 439 52
1167 42 52
1167 184 63
1788 2432 11
1788 295 14
1788 1364 41
2432 293 52
2432 125 79
24 2142 59
24 2137 85
24 398 85
24 630 100
1207 1033 56
1207 1844 20
1207 1067 54
1207 2294 23
2225 0 74
2225 495 38
2225 1038 10
746 2213 42
746 1189 57
746 1359 8
746 1545 31
2213 1317 82
2213 644 21
2213 1926 51
171 1177 26
171 800 10
171 2078 97
171 1373 75
876 1276 91
876 2248 24
876 634 80
876 1797 1
876 646 17
1276 121 19
1276 49 65
1276 1767 80
1276 1267 16
370 2047 9
370 559 87
370 2456 81
370 2396 14
2047 1519 11
2047 1419 6
2047 298 40
2174 2481 56
2174 974 12
2174 1845 44
2174 1960 55
2481 1190 56
2481 108 51
2481 1469 17
2289 1039 79
2289 147 33
2289 2062 12
1173 847 86
1173 192 90
1173 1022 4
1173 139 66
141 1177 61
141 873 7
141 50 92
141 1647 68
1177 2306 37
1177 1313 40
2149 2204 26
2149 287 96
2149 522 90
60 1777 41
60 1140 50
60 387 52
60 311 70
1777 1478 39
1777 1600 12
1777 1696 22
1777 2041 54
1381 1798 61
1381 88 63
1381 2351 13
1798 2211 68
1798 1985 1
1798 650 54
995 1062 38
995 485 79
995 1597 74
995 1585 13
966 1290 89
966 1527 88
966 1512 13
966 927 75
966 1372 2
1290 2359 47
1290 2457 41
1290 420 27
1290 2265 37
2218 1869 35
2218 1465 2
2218 1472 97
11 1592 98
11 1284 18
11 1360 44
11 1542 85
11 2404 2
1592 285 58
1592 1742 96
1592 1678 71
1449 991 39
1449 1497 4
1449 679 82
1449 1436 80
585 2093 57
585 907 87
585 1071 95
585 34 54
2093 1707 44
2093 1107 20
2093 927 31
2093 1482 49
339 374 55
339 1726 48
339 2450 81
339 1549 4
374 837 1
374 2343 62
409 1638 85
409 1176 53
409 1219 43
1638 2036 64
1638 1713 41
1638 2082 95
1638 2447 2
500 1231 7
500 890 58
500 268 2
500 2294 6
500 2296 40
1231 1189 61
1231 694 99
2482 2489 78
2482 1629 91
2482 2495 36
2489 2074 69
2489 978 11
2489 2394 73
1454 1514 65
1454 343 54
1454 636 58
1740 1852 98
1740 243 6
1740 826 83
1740 183 59
1852 1494 58
1852 2476 17
905 2219 78
905 972 64
905 826 21
905 7 33
2219 1293 11
2219 419 33
2219 867 85
2219 110 49
750 884 89
750 2212 84
750 1111 92
750 422 27
884 2107 85
884 814 98
1400 2161 79
1400 1733 84
1400 21 68
1400 1562 75
1400 1671 24
2161 958 66
2161 607 21
2161 279 91
1862 1963 11
1862 2462 57
1862 578 13
1862 1370 16
1963 1511 42
1963 798 84
1963 1598 36
791 1133 87
791 710 56
1238 148 75
1238 1467 94
1097 1113 85
1097 1715 15
1097 421 34
1097 1254 83
1097 1739 43
1113 805 68
1113 1577 97
1113 451 15
197 1085 56
197 1146 19
197 975 59
197 1973 93
197 1403 50
1085 612 83
1085 1888 88
1085 2421 77
1085 284 81
1291 2147 40
1291 652 21
1291 846 25
1291 344 12
2147 683 86
2147 2456 69
2147 937 6
898 2255 6
898 1078 35
898 1429 68
898 2102 65
974 676 8
974 225 11
974 1415 28
1478 1973 5
1478 2331 3
1478 1844 56
1973 413 34
1973 1011 37
788 1526 67
788 1744 34
788 2293 56
1526 1395 3
1526 1302 86
1526 2492 41
2466 2030 32
2466 2361 82
206 2426 92
206 695 93
206 2415 58
206 1394 6
1601 2043 27
1601 73 42
1601 1555 93
1601 1047 64
1601 1628 43
2043 1639 25
2043 1246 54
2043 2039 85
2043 168 38
448 1835 49
448 416 75
448 1530 1
448 694 38
1835 1032 83
1835 106 58
1835 257 46
71 1885 95
71 325 96
71 413 52
1885 1757 32
1885 1773 19
286 1773 65
286 1587 98
286 661 35
286 1512 7
286 2049 12
1773 285 40
780 607 7
780 754 23
780 148 4
2060 1230 49
2060 1915 92
2060 1296 9
2060 1987 61
1057 2330 62
1057 1831 45
1057 2128 92
1057 779 1
2330 2165 95
2330 357 33
2330 1045 53
1000 1301 8
1000 1967 54
1000 2448 71
1000 588 32
1301 1608 3
1301 2234 28
1301 1431 38
1301 595 89
293 741 70
293 1379 10
477 299 74
477 1091 27
477 1394 40
477 1186 58
34 956 25
34 450 86
34 1991 21
34 271 8
956 2469 8
956 2266 58
956 2168 39
956 307 4
2164 2119 49
2164 1006 93
1580 2403 6
1580 1722 24
1580 2452 12
1958 368 36
1958 812 3
1958 2259 7
359 2409 39
359 491 51
359 975 75
359 4 80
2409 250 81
2409 527 57
2409 307 65
2409 767 56
1006 1991 57
1006 185 2
1006 1856 80
1006 1349 24
1991 1102 99
1991 860 57
1991 1250 14
111 2307 16
111 1685 9
111 980 80
111 1532 32
111 2077 50
2307 970 52
2307 2122 36
2307 636 76
1920 461 91
1920 1209 99
1920 173 5
1920 1509 78
463 2334 79
463 1397 48
463 1333 94
463 2008 10
1280 1476 83
1280 303 77
1280 65 69
1280 421 46
1476 2118 25
1476 2135 6
1131 2150 10
1131 2128 45
1131 1182 73
1131 126 6
1322 2185 36
1322 1811 97
338 2242 30
338 733 46
338 2364 52
338 822 48
338 1121 67
2242 397 33
2242 747 37
2242 1182 57
2242 667 10
2 41 13
2 1701 60
2 1135 88
2 1380 15
2 133 11
41 2303 16
41 754 81
41 1120 100
41 735 50
525 1051 38
525 938 34
14 1327 39
14 2408 3
14 2157 53
14 969 31
1327 1675 31
1327 214 56
1327 2003 85
1327 137 30
1834 1856 79
1834 803 98
1834 1461 46
1834 1651 51
1039 426 6
1039 643 96
1039 967 98
1039 2446 49
1787 1923 78
1787 1452 93
1787 1165 8
1787 814 2
1787 1244 78
1923 738 94
1923 2413 84
1923 2143 69
1489 1376 83
1489 187 42
1489 1001 79
1489 2342 27
497 1188 6
497 1739 33
497 355 89
497 1987 88
1188 251 56
1188 841 49
1188 213 77
1142 2121 2
1142 29 22
1142 721 54
1142 31 72
2121 1034 88
2121 2498 44
2121 1940 79
58 1555 9
58 28 40
58 2478 49
58 2291 90
1555 1817 12
1555 1999 67
1555 1360 35
96 1029 56
96 755 65
96 1176 39
1029 514 87
1029 2020 22
1029 2075 51
149 855 37
149 1225 29
149 2122 23
149 1865 73
855 2314 4
855 514 55
855 2142 20
855 1462 23
37 385 32
37 1367 85
37 1786 58
37 850 98
37 584 100
385 1295 79
385 857 32
385 2319 36
385 1869 47
990 1471 14
990 2377 69
990 2238 24
990 892 64
1471 1063 53
1471 708 19
1471 2292 83
1471 1120 71
1434 2414 42
1434 1915 88
1434 916 87
2414 460 4
2414 474 64
2414 413 78
2414 143 45
953 422 69
953 1956 4
953 1089 19
953 501 26
1643 2295 80
1643 2273 66
1643 320 63
2295 59 40
2295 1999 56
2295 2008 16
369 1797 16
369 2081 47
369 908 71
369 1481 34
369 702 72
1797 2111 14
1797 148 11
1797 2098 4
1516 1931 79
1516 1812 18
1516 840 43
1516 666 61
1516 1062 89
1931 1502 38
1931 908 41
1931 1319 69
1931 1073 20
1304 1782 8
1304 1284 10
1304 1339 41
1304 2379 76
1304 1376 28
1782 220 29
1782 812 26
1782 1694 39
803 1500 24
803 31 5
1500 311 12
1500 1487 52
1500 1316 40
839 1194 91
839 1051 25
839 397 39
1194 1443 79
1194 1645 100
1194 2231 62
517 914 15
517 759 76
517 424 76
517 1473 17
914 26 7
914 356 67
914 1235 77
914 544 72
1588 1955 74
1588 1886 3
1588 43 18
1588 248 70
1588 355 52
1955 815 52
1955 667 60
1955 93 32
1955 1809 20
826 1376 10
826 691 15
826 2269 42
1376 557 95
1376 2027 56
158 688 29
158 861 94
158 1576 12
158 1879 34
688 1312 34
688 1554 26
688 1651 68
1460 1662 55
1460 545 52
1460 812 64
1460 2420 41
1662 1366 49
1662 1481 42
491 2029 47
491 272 76
2029 686 79
2029 1666 42
2029 2293 22
2029 1532 56
1757 188 2
1757 1321 28
30 358 14
30 1967 40
30 2319 72
30 1388 58
30 322 100
358 1264 31
358 787 29
358 681 9
358 619 28
1774 2470 70
1774 980 4
1268 1842 15
1268 2088 45
1268 48 58
1268 722 73
1842 183 33
1842 256 2
1842 2395 81
1510 2048 64
1510 1368 99
1510 1409 61
1763 1784 54
1763 626 32
1784 1487 2
1784 75 52
1784 1593 4
106 124 61
106 1215 86
106 1631 82
124 144 64
124 504 61
124 481 2
124 1153 52
1284 1012 43
1284 677 45
2122 411 58
2122 107 61
972 416 26
972 1879 69
972 2239 94
1003 1278 100
1003 1441 10
1003 534 72
1003 1364 21
1003 745 34
1278 522 70
1278 282 73
1278 1952 27
1278 1518 73
177 1990 73
177 254 12
177 1331 44
177 1204 93
177 1421 38
1990 2081 30
1990 806 40
1990 2483 20
1100 2379 40
1100 2315 3
1100 1696 21
1100 1940 80
1100 1081 84
2379 478 22
126 2173 79
126 2472 52
126 2165 43
126 2051 39
2173 334 27
2173 1541 11
2173 634 16
2173 519 66
783 982 78
783 1650 66
783 1458 22
783 1350 43
982 1563 72
982 2227 8
982 994 5
982 1108 11
2135 1905 85
2135 1228 79
2135 375 23
815 1934 58
815 1678 73
452 383 86
452 1640 57
452 2365 29
121 1277 98
121 2246 38
1277 838 37
1277 787 25
1277 1563 76
1277 1314 17
541 1634 82
541 1794 27
541 276 62
541 2429 67
541 1951 68
1634 1391 81
1634 1234 70
1634 2499 92
2199 2472 10
2199 771 7
2199 1613 57
2199 2456 38
2472 1919 83
2472 523 39
1163 1388 74
1163 2119 41
1163 1610 69
1163 1952 63
1163 1780 50
1388 1926 49
1388 504 5
1388 2088 82
304 1399 86
304 1078 54
304 1228 5
304 1612 1
794 1262 8
794 1114 97
794 1896 77
794 160 49
1262 294 50
1262 2395 45
1262 1314 45
648 1467 30
648 256 80
648 709 3
648 274 56
1467 2276 56
1467 1712 63
545 1719 83
545 1799 94
1056 2201 96
1056 730 8
1056 744 79
2201 923 27
2201 1783 69
2201 687 8
1339 1506 81
1339 2284 56
1339 708 1
1339 1564 15
1506 729 57
1506 1106 88
2443 1435 10
2443 1137 72
2443 459 98
2443 1107 43
80 84 68
80 2104 71
80 1723 89
80 2378 49
84 2072 77
84 315 71
84 1779 59
1511 470 74
280 1342 40
280 662 34
280 400 81
280 1440 65
713 1165 95
713 1200 92
713 1934 80
1165 634 42
1165 196 49
1821 1896 61
1821 1744 3
1821 2385 33
1896 1691 72
1896 1125 82
1896 2255 28
91 291 72
91 2305 61
154 649 70
154 270 38
154 1995 75
649 631 23
649 1855 28
649 944 18
649 999 28
116 2114 65
116 1420 63
116 1282 28
2114 861 41
2114 535 53
2114 2206 68
2114 319 26
2099 1741 7
2099 756 92
2099 865 100
650 1001 80
650 300 44
650 1495 93
650 771 80
1001 1421 76
1001 1733 70
834 1576 53
834 2369 78
834 767 89
834 1171 22
1576 1081 79
1576 1353 75
1576 107 64
15 490 25
15 2123 5
15 274 56
15 1859 2
490 1326 91
490 2018 32
490 159 57
490 952 79
1367 1810 87
1367 2120 76
1367 2083 88
1810 310 74
1810 570 75
1810 1049 81
1187 2108 27
2108 814 12
2108 1841 96
958 2285 97
958 1294 23
958 1196 80
958 2354 65
2285 1412 35
2285 1433 1
2285 2087 71
2285 319 67
903 2349 9
903 2395 26
903 641 41
903 837 24
903 1738 50
2349 1929 20
2349 1780 82
2349 1102 27
2107 1318 59
2107 2205 53
2107 503 38
622 875 37
622 735 3
622 2214 26
622 1507 8
875 862 19
875 2370 99
875 1360 17
637 1412 48
637 1716 81
637 1988 7
637 189 75
1412 731 95
1412 1358 80
1447 2449 48
1447 133 67
1447 1522 58
1447 427 24
1447 439 19
2449 1607 74
2449 1267 9
1156 1235 66
1156 394 34
1156 1747 43
1156 2090 94
1055 1269 81
1055 2265 41
1055 1871 63
1416 2318 29
1416 1275 12
1416 1253 42
1416 175 90
1416 1871 2
2318 321 13
2318 1705 51
599 1830 58
599 505 26
599 403 56
599 1544 2
599 516 37
1830 87 88
1830 1575 38
1830 67 78
399 1661 36
399 2179 1
399 1941 5
399 1254 55
1661 1870 3
1661 2008 80
1661 1598 49
1661 1586 16
297 1650 58
297 1672 76
297 778 94
297 1710 36
1650 2493 11
1650 1040 79
909 945 38
909 1487 71
909 2207 79
909 1698 17
945 47 10
945 4 88
945 1631 81
1597 2072 12
1597 661 4
1597 2183 13
1076 2090 27
1076 1359 32
1076 870 82
73 1612 18
73 706 14
73 140 97
73 1072 65
1612 190 61
1612 301 57
1612 48 19
1707 1468 87
1707 1768 95
1707 2192 52
1707 1549 5
1060 1765 63
1060 2110 33
1060 847 63
1275 707 76
1275 911 69
1275 2299 24
1275 1324 79
2303 102 69
2303 1762 29
1728 2105 10
1728 1096 19
1728 422 17
1728 1255 46
714 2059 93
714 1984 100
714 587 48
2059 2133 74
2059 686 72
736 2306 66
736 187 4
736 1889 22
736 291 29
2306 314 92
708 2473 30
708 1648 79
708 40 100
2473 1093 23
2473 2456 12
2473 1563 32
1230 991 36
1230 79 83
1230 1770 5
638 2185 24
638 1747 90
638 2230 77
638 2377 30
2185 2398 49
2185 2010 94
2185 1912 94
677 2113 34
677 1226 50
677 131 48
2113 2013 75
2113 706 88
2113 1243 16
480 781 12
480 2454 46
480 70 61
781 1701 4
781 1309 55
781 287 65
1034 408 90
1034 1436 71
1034 1653 85
1082 2283 61
1082 1910 19
1082 437 3
2283 1122 78
2283 2046 61
2283 324 91
201 2305 6
201 618 95
201 227 46
201 1203 32
201 219 27
2305 2288 71
2305 38 60
2305 1182 68
612 1195 14
612 1791 54
612 629 1
2394 1490 27
122 647 37
122 2411 92
122 624 51
134 2251 29
134 259 33
2251 932 31
2251 337 90
2251 401 8
2251 2343 10
366 800 37
366 1796 45
366 1328 12
366 1310 65
366 1676 77
800 841 74
800 602 4
1818 2058 52
1818 819 16
1818 979 86
1818 79 87
2058 16 91
2058 1805 41
1560 2308 15
1560 1101 59
1203 1402 77
1203 1201 89
1162 1380 57
1162 447 15
1162 509 96
1162 102 65
1380 1369 17
1380 1771 4
108 1151 42
108 6 50
108 1436 36
108 980 86
1151 131 26
1151 475 22
1151 784 94
1114 2248 79
1114 1925 36
1114 751 48
1114 1599 1
2248 94 49
2248 2089 79
2248 1422 80
705 2438 91
705 964 94
342 685 81
342 1575 6
342 226 1
685 2133 95
685 575 26
685 2175 1
447 738 54
447 251 96
447 904 97
447 2066 52
738 1720 76
1845 1336 68
1845 1168 32
1845 1537 18
2072 1819 81
2072 554 100
1858 1884 88
1858 156 33
1858 513 66
1858 597 22
1884 349 74
1884 383 50
1884 394 56
1884 2052 32
567 1971 69
567 86 43
567 2193 71
567 256 16
567 76 82
1971 1628 58
1971 1869 88
1971 691 77
505 1093 53
505 1866 17
1093 2354 85
1093 254 78
1685 2077 97
1685 587 28
1685 1444 52
1685 2083 5
2077 1319 97
2077 828 22
1692 581 91
1692 2153 67
190 2105 71
190 1616 69
190 615 88
190 2495 5
2105 1017 92
2105 1108 70
1096 671 31
1096 2270 43
1171 1027 77
1171 935 55
1274 1432 1
1274 1591 11
1274 1698 57
1274 1985 42
1274 1199 65
1432 2310 86
1432 621 100
245 983 42
245 2193 49
147 193 98
147 1722 30
147 999 68
193 1688 16
193 770 50
819 1791 68
819 1537 99
819 2064 13
819 944 66
1791 572 61
1791 511 43
1791 118 19
1319 2378 84
1319 325 95
727 2202 89
727 524 20
727 1600 70
727 1536 87
2202 588 99
2202 667 71
2202 1312 32
2202 440 34
904 1702 68
904 1479 35
2090 1241 41
2090 1778 20
2090 1383 26
926 1099 75
926 1908 99
926 2075 73
926 1266 86
926 947 64
1099 1570 32
1099 1656 91
1099 656 9
384 1480 15
384 2211 62
384 2051 78
1826 2222 34
1826 63 11
1826 1094 53
1826 1378 92
1993 2435 61
1993 132 67
1993 1227 46
1993 2319 88
2435 495 23
2435 22 53
2435 2037 77
1632 2429 89
1632 679 21
1632 939 99
1632 932 82
2429 1407 25
2429 860 79
951 2264 42
951 486 22
1455 2411 14
1455 2457 24
1455 1128 86
2440 2487 96
2440 1347 61
446 768 77
446 689 54
446 1554 1
446 2471 79
446 516 53
768 2260 24
155 2282 67
155 1397 27
155 1086 29
155 1562 57
2282 1637 34
2282 61 80
2282 1125 46
1877 394 31
1877 601 100
300 1639 18
300 2327 19
415 2357 15
415 1044 93
415 1927 31
2357 741 26
2357 54 39
2357 1023 22
2357 755 78
948 390 24
948 2257 31
948 1871 96
130 1407 20
130 1717 56
130 166 5
130 2241 64
130 1383 88
1407 1024 53
1407 143 51
1407 1010 21
309 655 10
309 1981 84
309 547 4
309 1770 52
655 2001 90
655 1519 84
655 40 13
655 941 77
524 543 96
524 907 80
524 1509 96
524 993 45
543 1613 100
543 676 50
543 2220 48
1451 1172 71
1451 261 91
1451 719 97
1451 1370 49
1086 1744 74
1086 1980 56
1086 1272 62
1744 1208 92
218 2422 57
218 1682 93
218 66 68
218 609 80
2422 227 34
2422 1697 56
2422 2137 13
2422 1222 88
481 1587 47
481 1629 44
481 1960 50
824 2353 71
824 435 44
824 367 22
2353 544 78
2353 566 6
2163 2231 22
2163 1127 5
2163 1793 94
1737 2091 1
1737 626 48
1737 1831 56
1737 1922 47
1737 1775 25
2091 2144 39
2091 646 93
2091 7 44
2091 2233 47
2396 1667 100
1492 1994 84
1492 1318 94
1492 719 68
1492 66 8
1492 299 87
1994 515 12
1994 2323 43
814 2258 61
814 396 79
845 2183 85
845 1743 19
845 625 5
845 74 27
2183 1014 52
2183 301 25
86 1377 45
86 114 33
86 594 50
86 2315 46
1377 343 9
1377 641 2
1318 125 12
1318 1308 98
1127 1344 57
1127 1359 3
1127 1746 42
1127 213 26
1344 1395 64
1344 1751 31
1344 157 32
1344 2418 51
1414 2340 10
1414 256 24
1414 611 13
1414 1179 71
2340 920 94
2340 1847 88
2048 1134 59
2048 4 83
2048 1172 52
869 1988 9
869 1493 36
869 344 16
1988 687 100
1988 2271 95
1988 1954 53
1094 2335 97
1094 1599 38
1094 269 68
2335 2187 93
2335 1505 98
2335 1535 37
2335 2483 5
294 1794 2
294 1302 33
294 2157 48
294 2127 78
1332 2392 65
1332 937 8
1332 588 70
1332 863 49
1332 2188 67
2392 216 18
2392 2386 55
2392 1514 49
2392 1227 51
1781 77 83
1781 1293 88
1781 252 47
507 2017 58
507 593 87
507 2442 45
841 1473 8
841 1860 95
841 613 98
476 2178 88
476 1783 84
476 1534 10
476 229 38
2178 2245 78
2178 2480 40
2178 2348 17
2120 1719 13
2120 1009 4
2003 2038 22
2003 498 56
2003 1897 79
2003 923 91
2038 248 26
2038 2274 9
2038 1408 85
1258 578 9
1258 2086 46
1258 1529 45
1258 943 28
87 1573 9
87 1617 89
87 1232 62
75 787 34
75 2102 19
75 2110 34
75 2420 97
787 1975 81
613 1365 3
613 915 4
613 2153 26
613 657 58
1365 39 10
1247 1422 15
1247 1474 75
1247 2063 24
1247 56 12
1247 2360 8
1422 2245 88
1422 1670 63
1422 1470 43
20 1265 91
20 207 58
20 56 83
1265 802 49
1265 844 27
1265 2064 31
125 1470 25
125 1504 16
2241 2187 41
2241 1972 26
1812 127 20
1812 1264 93
1812 1892 77
1668 1019 3
1668 449 87
1668 2257 38
416 522 8
416 937 88
200 1088 25
200 1266 13
1088 518 50
1088 16 19
1088 1004 8
1088 772 60
255 1549 55
255 254 14
255 1882 10
255 1710 20
1549 1227 11
1090 302 84
1090 347 53
1090 2423 64
1090 148 38
1723 285 22
1723 1220 96
1723 175 61
565 431 44
565 2045 87
565 496 68
565 2271 39
1244 2413 14
1244 1639 77
1244 1269 42
1244 1495 77
2413 275 68
2413 1954 54
2413 2246 60
549 2227 37
549 2026 58
549 2269 44
549 411 27
137 860 55
137 1648 77
137 833 21
137 151 10
860 1738 68
860 2442 42
326 1321 14
326 1932 87
326 143 73
326 2299 62
1321 472 2
2462 1311 65
2462 1482 76
2462 998 17
2089 577 26
2089 1392 56
595 920 1
595 2411 53
595 2026 44
595 597 22
920 1517 7
920 281 79
920 1557 63
2172 2395 89
2172 2480 34
2172 2041 53
2172 57 60
1538 778 95
1538 1796 4
1538 1496 16
1538 279 18
127 2279 42
127 70 73
127 1437 91
2279 900 91
1637 1138 20
1637 1872 59
997 1610 98
997 1249 1
997 1294 84
997 243 41
997 2302 21
1610 1908 83
1610 1962 91
1610 1195 80
472 971 86
472 2250 88
472 2125 13
971 1069 38
2470 376 7
2470 466 3
2470 1479 88
872 1844 82
872 1575 75
872 203 19
1844 1609 67
1689 1837 24
1689 1328 92
1689 692 73
1689 1751 77
1837 2266 9
1837 1410 37
1837 1356 38
1209 1807 32
1209 1822 2
1209 487 78
412 572 93
412 274 72
412 1875 16
689 987 86
689 333 90
689 1025 68
689 1330 97
1905 16 82
1905 2117 34
1905 1681 9
1905 748 35
1472 2253 62
1472 2487 52
1472 797 61
1472 1918 15
2253 519 22
2253 1333 24
2253 2425 37
1374 1718 47
1374 9 99
1374 1573 34
1374 1272 41
1718 396 72
1718 181 17
1718 1245 28
1314 432 44
1314 2076 52
156 1985 25
156 377 5
156 52 15
1410 1 59
1410 1759 87
1410 1064 51
1631 215 85
1631 1222 43
535 2246 66
535 2169 17
535 628 93
400 694 33
400 2372 22
400 509 64
400 666 15
694 1468 69
694 18 78
1771 2293 13
1771 878 17
1771 1959 53
1771 1940 21
2293 1440 26
2293 2045 80
119 2401 10
119 848 94
119 854 98
119 1953 10
119 1498 15
2401 311 54
2401 1783 60
2401 1392 11
1191 1452 42
1191 1212 58
1191 196 97
1191 264 63
1191 2086 49
1452 2042 61
1452 1372 75
1452 250 15
643 1095 66
643 291 88
643 899 90
1095 444 56
1095 1255 73
1095 1794 83
1095 932 19
292 2100 96
292 1779 46
292 1806 81
2100 2021 6
2100 952 6
470 234 50
470 836 55
470 276 93
291 2051 76
1691 806 61
1691 2020 37
1691 1226 88
1065 2144 85
1065 178 95
1065 1694 82
1065 1058 82
2144 1494 57
2144 144 78
426 2157 2
426 2311 72
426 1074 27
426 1485 29
2157 1833 91
2157 980 50
1644 1930 28
1644 74 66
1644 818 97
2227 1611 5
2227 118 27
2227 716 3
1803 2258 39
1803 1419 85
1803 2086 72
2258 707 15
2258 1424 87
2258 617 67
890 1739 80
890 1645 90
890 1778 61
1739 16 10
1739 1491 24
1525 1984 48
1525 2018 31
1525 1309 21
1525 1741 85
1984 114 36
1984 1409 95
1984 663 42
2034 2127 73
2034 54 62
2034 717 15
2034 1045 84
2127 1949 54
2127 334 64
2127 852 74
1077 1565 99
1077 1072 97
1077 1841 71
1077 1715 8
1565 1557 94
1565 747 78
1565 1488 46
110 1776 97
110 2083 86
110 2320 95
1776 1067 74
1776 2123 71
1776 1461 69
421 1934 37
421 1724 20
421 591 70
1934 1746 38
173 1887 34
173 947 14
173 942 58
487 609 45
487 1106 96
487 167 91
375 1121 71
375 2017 12
375 1912 13
722 2276 36
722 2471 22
722 249 54
722 77 81
2276 557 31
1473 552 46
1473 564 13
1473 2084 69
691 46 3
691 181 48
49 2412 35
49 2270 81
49 410 41
49 2189 88
2412 186 6
2412 2143 24
1081 1184 2
1081 2226 56
1081 65 41
1406 1790 52
1406 2095 47
1406 690 23
778 329 1
778 1354 19
721 1004 25
721 2237 89
721 998 64
721 2030 20
1004 1940 47
1004 1491 39
1004 161 59
1485 1925 82
1485 2406 27
1485 675 74
1485 2497 73
1925 1880 60
1925 1353 67
1925 1428 80
460 2397 39
460 663 10
460 47 74
2397 1 31
2397 1824 37
2397 1495 14
2397 2455 31
863 1124 87
863 2042 39
1124 2448 56
1929 2087 39
1929 2250 36
1929 498 22
2087 1539 90
217 949 28
217 2297 64
217 2354 17
217 1241 29
217 1212 20
949 1681 81
949 1052 27
949 76 17
652 1342 58
652 1675 67
652 870 46
2064 100 6
2064 1391 51
302 1959 95
302 1036 76
302 390 96
1959 350 55
1959 315 26
1959 559 42
856 1350 60
856 1717 19
856 1178 51
1350 2020 59
1350 1303 38
548 1197 1
548 902 10
548 50 97
548 1913 86
1197 1066 6
1197 1433 72
1197 506 61
1197 619 9
284 895 65
284 418 91
284 2021 56
895 1126 48
895 1499 2
895 2348 62
1701 2332 60
1701 2049 55
1701 2493 85
822 1702 66
822 1564 46
822 417 18
822 762 67
1702 883 49
1809 13 60
418 2292 38
418 340 77
418 272 12
418 1807 69
2292 510 18
2292 985 55
2292 360 70
402 2018 21
402 1536 46
402 836 71
402 2261 44
402 389 37
2018 1391 53
325 1017 80
325 1052 40
325 607 98
1017 196 63
1017 1956 38
844 1353 77
844 885 23
844 1676 96
844 431 37
1353 1305 5
1353 1521 32
1064 1356 19
1064 1713 72
1064 243 57
1064 1002 23
1356 1765 71
1356 379 40
568 160 8
568 1315 44
568 2304 7
568 776 50
131 577 15
131 145 15
731 891 37
731 623 93
731 2425 95
731 2438 82
779 2126 59
779 1746 91
2126 2224 98
2126 2217 5
2126 2125 86
1779 1640 70
1779 660 78
1717 398 50
1717 1255 33
192 380 53
192 1764 24
380 1764 73
380 1620 28
380 334 51
1849 63 4
1849 169 80
1849 1251 20
849 2370 70
849 1870 89
849 970 39
2370 6 80
2370 1129 1
888 2298 63
888 1617 95
888 1799 30
888 2260 41
888 1822 88
2298 1375 60
2298 2082 43
2298 89 4
955 1305 26
955 1236 76
955 1112 30
955 2441 36
955 473 87
1305 2220 30
1305 1520 10
1305 1069 98
2469 1927 27
2469 1550 95
2469 22 51
2469 2166 41
21 1666 75
21 623 97
21 1168 40
21 2436 82
1666 988 77
1666 1254 84
420 917 36
420 453 90
917 503 75
917 897 33
917 456 90
614 2430 47
614 1980 61
614 1902 14
614 1272 27
2247 2233 60
2247 2430 96
2247 2230 59
784 1469 66
784 666 77
798 1479 69
798 2460 18
798 1670 27
798 1502 39
1479 462 45
1479 2459 55
1326 2406 98
1326 251 57
591 552 75
591 2372 71
591 1866 51
2372 1713 21
2372 2076 56
2372 1302 28
529 2257 63
529 2483 80
529 1044 7
529 899 34
529 1330 96
2257 2493 51
942 1608 26
942 1714 49
942 213 13
1608 260 49
1608 662 54
2245 1061 32
2245 461 41
730 1200 25
730 1070 23
730 695 48
730 1586 98
1200 1399 79
1200 2128 100
1200 0 59
67 540 12
67 1146 20
1760 270 11
1760 1841 16
1760 617 73
1760 684 40
450 1889 31
450 1196 42
450 1270 7
1617 2191 70
1617 1713 36
2191 630 94
2191 1895 70
2191 838 45
1044 647 78
1044 833 2
1044 610 89
234 740 61
234 1463 92
234 2274 47
234 2080 66
740 864 27
740 1053 14
740 578 44
740 739 89
1023 1709 56
2001 2302 94
2001 828 18
2001 1775 1
2302 2408 52
2302 1945 66
92 2344 52
92 1664 13
92 846 88
2315 1283 49
2315 451 39
69 1575 53
69 2374 34
69 237 87
69 1457 57
1575 2309 31
748 2129 47
748 2386 50
748 2175 87
2129 610 64
2129 1463 83
2129 437 43
2129 135 34
874 202 1
874 176 26
874 1676 74
430 322 50
430 1139 84
430 1827 5
789 1672 1
789 993 61
1672 1738 2
257 1811 55
257 2082 25
257 1887 92
1811 1236 61
1811 1185 89
1811 94 60
423 140 50
423 1568 39
423 642 6
423 444 90
1720 2181 71
1720 589 42
2181 1961 83
2181 1362 58
2004 2250 21
2004 1047 61
54 930 71
54 207 35
54 575 61
930 516 77
930 2153 13
930 556 53
930 1443 59
547 2260 3
547 1338 24
547 1680 86
2260 1196 44
1397 2430 66
1397 571 62
2430 959 100
347 923 67
347 112 47
347 938 77
347 570 68
923 1070 91
718 1324 56
718 413 27
718 896 63
718 514 47
718 732 70
1324 515 80
871 2320 68
871 382 30
871 2189 13
871 2314 15
871 1102 7
2320 2051 91
2320 2484 24
1493 1583 74
1493 1019 3
1493 673 72
1493 1853 12
252 770 1
252 947 71
252 1716 80
770 82 46
770 1581 76
256 1178 91
2418 556 25
2418 1652 45
767 1726 79
1024 1336 56
1024 146 54
991 564 18
991 2421 3
867 980 4
867 1035 33
867 1833 85
1237 1636 97
1237 273 86
1237 1309 89
1237 398 57
1636 1178 43
1204 1459 44
1204 2329 82
1204 1250 34
1459 2188 28
1459 1148 33
1459 830 92
1487 2324 8
1487 2369 21
0 979 16
0 2009 50
349 188 93
349 2196 90
349 1716 76
349 594 93
1653 1965 4
1653 2083 43
1653 1050 76
1887 1904 36
1887 631 32
1138 2044 33
1138 2080 85
1138 1072 4
2044 2226 5
2044 1688 92
2044 1456 31
861 1241 80
861 1694 7
1241 1848 29
1241 675 88
1743 1938 72
1743 221 43
2233 145 10
2233 2487 90
2233 2125 85
564 601 10
1926 2424 50
1926 368 15
1926 64 96
661 2314 34
661 2448 58
661 611 73
215 2005 64
215 1868 38
215 1315 37
215 1557 86
2005 1225 29
2005 2063 21
2005 1208 47
1895 46 59
902 2039 77
902 911 71
902 1735 34
1759 630 86
1759 1312 43
1881 1980 61
1881 1234 40
1881 2030 49
1881 161 65
1881 690 90
1980 2054 60
2211 445 1
2211 1906 34
2211 135 94
2411 1764 83
2411 807 60
1529 451 4
1529 848 90
1529 566 69
355 709 42
355 911 8
355 2228 15
709 61 61
709 592 31
620 2175 85
620 1682 56
620 519 11
620 1395 7
2175 1212 48
653 2123 18
653 2459 82
653 396 23
653 2451 6
2123 264 70
2123 1342 65
2168 2424 55
2168 2092 100
2168 1962 51
2168 1856 67
2424 668 99
2424 566 81
1855 1927 76
1855 1218 35
1855 1312 57
1927 1972 48
1927 2094 5
2273 55 89
2273 2205 52
2273 209 33
2273 2115 26
581 1587 64
581 1272 51
581 1251 48
1270 2442 23
1270 1225 82
1270 1435 62
1270 2214 93
2442 1481 28
320 607 7
320 1108 36
320 1080 34
607 55 84
139 2252 23
139 2447 85
139 733 27
2252 1112 41
2252 1437 93
741 1026 3
2117 2314 45
2117 1362 12
523 2134 37
523 1263 30
523 1168 30
523 851 95
2134 520 39
2134 1908 5
2134 324 19
1587 1128 31
1587 1847 41
316 2070 84
316 1762 65
316 636 25
316 1859 75
2070 2027 66
2070 911 93
575 1772 79
575 417 30
575 1470 90
1772 1079 68
1772 2385 14
1772 1266 47
747 988 31
747 1136 60
33 112 17
33 703 76
33 1323 51
33 1910 53
2460 1625 71
2460 608 40
1908 226 46
1352 1585 53
1352 403 82
1352 646 98
1352 1614 81
1585 2441 81
1585 854 29
1585 1598 41
268 1458 13
268 94 56
268 662 100
1317 1712 45
1317 751 44
1712 1941 4
1712 1680 69
1712 492 38
1520 2337 84
1520 2262 52
1520 1354 93
2337 2000 97
2337 2212 58
1359 2450 49
1359 862 12
225 733 81
225 899 94
225 1443 66
2052 2346 48
2052 298 53
2052 2363 69
2052 1311 63
2346 458 90
2346 544 38
2346 1111 30
2346 1236 55
1249 1747 7
1249 777 62
319 2088 44
319 344 77
319 2054 79
2088 1577 43
2088 1620 43
9 2061 53
1227 921 8
1496 2116 28
1496 618 7
118 1509 79
1509 2196 96
1509 93 11
405 556 35
405 1642 64
405 31 52
405 1426 16
556 1589 46
324 1614 40
324 1664 48
1614 26 79
1614 1824 4
383 2194 64
383 692 9
383 274 47
2194 1341 67
2194 2341 26
1796 2457 28
1796 2296 77
1796 2097 92
495 1456 83
495 1897 61
1656 2467 17
1656 61 47
1656 1999 28
2467 854 94
2467 1589 56
2467 1190 47
2467 429 16
186 2094 80
186 43 8
186 2487 41
186 1860 81
2094 1665 9
1373 1886 1
1373 1962 17
1886 1347 56
1886 1742 43
1498 2042 27
1498 1393 4
1498 1716 34
610 681 70
610 1338 61
2079 1628 65
2079 1010 62
2079 703 72
577 1257 78
707 1647 100
707 243 40
618 1470 21
618 266 93
618 2010 27
572 1089 62
572 1746 2
344 1366 47
743 1611 46
743 1841 47
743 2496 92
743 580 73
743 2230 45
1611 1117 54
1611 1793 96
1611 1014 85
1384 2142 2
357 1940 76
357 769 26
732 927 21
732 42 9
732 456 64
732 1938 9
927 269 59
927 1708 86
1212 667 71
1212 1806 24
937 466 78
737 2210 40
737 1013 3
737 1824 51
2210 1251 2
2210 1464 66
2210 879 73
873 1518 95
873 2232 19
873 381 53
1032 381 14
1032 2009 22
1032 532 30
1032 7 89
2359 760 89
2359 333 10
2359 38 98
2359 2308 85
751 954 48
47 2423 94
47 1847 63
272 913 71
272 1158 69
93 851 50
1168 1615 8
1168 1956 17
1615 2270 55
1615 988 82
1930 456 98
1930 1133 57
1930 1370 34
2142 1571 50
802 1 14
802 687 100
755 2325 98
755 2040 54
857 1269 74
857 303 2
1295 1548 3
1295 501 55
1295 2471 44
1295 2312 37
1548 2325 35
1548 185 38
1548 271 98
969 1792 43
969 1120 1
1792 2062 10
1590 1431 53
1590 298 100
1982 2040 77
1982 2284 70
1982 2222 89
1982 2457 66
623 1118 12
623 1069 47
623 2118 78
1118 439 21
1118 2037 57
315 1002 97
315 1581 74
1002 1408 69
1002 793 68
1002 1152 79
2190 2363 63
2190 265 10
2363 2415 53
2363 1246 52
2363 88 22
2334 475 12
2334 275 61
2334 2026 87
1109 2445 66
1109 1101 90
1109 1047 9
1109 660 85
2445 2350 49
2445 1058 12
1072 1102 81
1072 1018 19
1102 1107 57
1647 311 72
1647 670 83
1647 911 34
311 1028 74
509 1537 14
1762 150 37
970 2286 57
970 1405 100
2286 1296 21
2286 2102 73
2286 2237 13
328 833 96
328 2158 82
328 2476 16
833 7 38
833 1089 88
1536 1040 15
634 445 28
634 1616 29
1146 2448 5
1146 1581 18
2250 1008 99
2250 202 90
221 1646 80
221 1025 9
221 1456 86
1646 1550 6
1646 1517 48
1646 1196 79
1646 337 54
1833 862 57
1833 1465 72
726 1189 86
726 445 99
726 900 35
726 1519 49
1435 1172 53
1435 2024 68
474 504 96
474 98 18
474 168 67
394 1658 84
394 1708 60
1658 82 37
1658 1257 55
1658 1087 80
1909 1074 53
1909 1221 33
1909 897 95
1909 261 60
1383 1879 41
1879 1596 79
1879 836 44
1257 2037 40
1257 1079 95
289 2022 55
289 1128 13
289 1688 41
2022 1009 25
2022 1888 33
2022 2116 68
846 771 37
846 1675 41
1719 1464 90
512 1542 56
512 1253 63
512 189 7
512 1675 40
1542 31 44
1542 250 33
1596 2497 82
1596 282 74
611 1255 98
611 398 53
1263 2166 41
1263 2159 58
1263 933 92
1263 2374 89
2118 114 1
1598 1817 78
1598 2116 80
1817 231 71
1817 851 27
1817 1864 85
797 1014 68
797 1568 29
1014 38 95
1468 1867 83
1468 808 67
29 273 69
29 2033 75
29 2222 27
1907 558 13
1907 422 89
1907 352 65
1907 1405 5
2111 1134 90
2111 1954 54
1294 752 68
455 2189 85
455 454 73
503 379 55
503 2419 75
2350 1176 27
2350 334 80
2350 2420 6
681 98 18
681 378 46
690 2332 83
690 2354 95
1026 1079 78
1026 2480 75
1026 1035 98
1026 880 11
1079 2427 73
1079 1571 91
1148 1201 88
940 1012 56
940 1900 68
940 2326 74
940 810 80
940 1899 38
1012 2010 45
333 1502 84
333 1189 71
333 436 89
1502 1752 16
1629 1243 79
1629 439 2
46 1228 40
46 2024 43
46 1185 18
1950 2255 28
1950 2344 56
1950 1172 80
340 350 50
340 616 95
340 809 32
340 593 51
350 270 4
350 360 33
28 2478 30
1564 1670 19
1564 59 40
1564 1667 54
1670 2050 74
1670 1084 42
1570 587 77
1570 240 83
1570 1457 68
1570 1893 54
696 2051 29
696 107 96
626 1494 68
626 1415 81
626 900 1
1949 947 80
1949 745 56
345 2030 2
345 2446 85
345 53 2
2497 2290 81
960 2027 34
960 1769 22
960 210 46
960 1802 99
960 2347 76
2027 1199 88
2030 1724 19
1747 64 59
985 1562 52
985 2217 96
985 1395 15
1562 2237 11
1562 1603 16
563 2098 100
563 793 2
563 1577 100
563 1546 17
2098 145 38
2098 2265 3
2098 2133 14
1424 1609 38
1424 23 63
1609 510 46
1609 164 13
1609 76 75
1176 1507 88
1507 1469 85
1507 2384 61
1126 1465 14
1126 2182 88
140 26 11
140 1078 98
150 1111 34
150 1961 100
1111 1368 63
513 1688 29
513 2231 88
513 2220 47
1688 1362 38
7 85 47
2436 2312 67
2436 2188 9
2436 436 97
1456 1311 47
518 756 79
518 2036 35
518 2143 67
756 76 79
1342 2325 51
178 437 14
178 1221 83
178 550 64
1121 261 28
1121 1349 39
1121 609 55
2386 1050 74
615 1264 40
2041 2308 92
2041 2294 10
2041 1888 32
2133 1091 28
2423 2399 55
301 1522 9
301 1347 96
301 35 95
1522 1341 100
1522 2232 1
1522 1242 97
900 2110 62
900 2343 3
2110 1775 32
2110 1778 43
1134 1951 39
1134 431 100
1134 1805 45
1766 2261 27
1766 79 99
1766 843 86
1766 219 85
2261 671 26
2261 2037 16
520 1140 5
520 754 59
847 1089 8
847 644 99
847 645 97
1063 2290 62
379 387 25
379 1952 91
848 2137 94
848 1457 19
1545 2154 55
1545 2026 60
1545 1437 2
1545 1613 90
2154 1201 38
2154 1323 49
2154 1047 16
2154 2026 10
2042 5 2
254 1968 79
109 1594 78
109 2447 55
109 295 84
1594 1764 62
1594 941 5
522 1009 72
1009 2179 10
961 1323 21
961 181 99
961 1234 84
1497 2342 99
1497 261 70
1497 1704 83
1497 52 78
2342 244 42
98 663 15
98 466 52
98 1192 97
1133 1243 10
1189 1906 100
288 2495 53
288 829 63
288 107 17
288 539 42
160 219 62
160 1869 99
160 231 95
219 266 8
219 1880 30
1857 2217 52
1857 1364 84
1857 1462 84
2217 609 4
214 1916 97
214 17 23
1916 2358 33
1916 337 38
1916 367 93
2021 403 3
2021 1470 44
281 1850 18
281 70 90
262 1664 8
262 1648 27
262 1827 11
262 892 77
262 330 39
1664 2365 26
1664 843 54
1625 1867 49
1625 1201 23
1625 2255 15
1867 878 29
1867 42 52
329 2474 14
329 2009 56
329 63 1
55 2327 58
55 1848 65
55 246 84
1264 1375 84
621 1307 6
1395 2498 40
159 1320 85
159 1058 91
159 514 57
1320 600 14
1320 1714 65
1320 1823 13
485 1429 3
485 589 74
77 1106 61
77 1216 55
77 265 18
1106 57 55
1139 2360 6
1139 584 10
883 2421 13
883 811 92
883 1033 5
1681 1486 96
1681 2046 40
1681 862 33
279 1815 86
279 1671 37
993 1091 53
993 35 27
1091 1706 85
239 1117 86
239 2222 32
1117 1607 43
1333 1913 57
1333 1889 100
1333 202 34
1913 88 7
1913 544 31
1913 187 86
1819 307 61
1819 540 83
1819 321 84
760 1499 5
760 1945 55
760 1038 27
760 327 72
1499 1892 79
1499 1697 85
1499 378 31
260 1968 7
260 1583 44
260 2187 63
1078 1272 97
6 1831 99
6 1071 65
1831 94 22
821 1751 98
821 1864 99
821 1859 20
112 1705 7
112 660 25
112 2311 78
1705 1267 69
2378 489 94
2378 1066 5
2378 1366 65
973 1741 90
973 249 63
973 1474 88
973 63 78
1741 2205 37
1741 1115 30
720 1066 73
720 406 12
720 494 97
720 641 52
1066 1534 37
1066 1530 52
482 1652 26
482 1583 69
482 1882 99
482 444 37
1652 161 35
1623 2480 33
1623 17 83
1623 1665 13
2450 1042 58
2450 2281 50
2450 635 21
1178 684 97
411 2377 54
411 376 45
411 1683 52
2284 2427 20
2284 263 65
2427 332 21
2427 2063 37
1296 56 5
1296 1394 15
2081 735 46
1941 2438 89
1941 94 75
2438 1120 87
2222 1880 81
227 453 100
227 382 84
227 1953 14
1357 413 20
1357 2204 19
1357 1170 81
2478 1724 30
2478 2496 77
2478 295 34
1115 2332 77
1115 1199 86
1408 1433 95
1408 946 63
35 387 57
35 692 62
387 915 70
387 64 92
439 2463 16
2463 1557 70
2463 2377 12
2463 368 90
1490 367 89
1490 2050 83
1391 2347 3
1482 1981 81
1981 2492 30
1981 552 79
1480 295 97
1480 1061 10
1480 1251 55
1665 2102 88
1665 1474 2
1665 843 18
2102 2196 6
1427 2459 1
1427 229 25
1427 510 93
1427 2229 70
2459 1421 42
2459 1362 47
1070 837 72
1070 1190 13
1070 939 93
181 1794 15
1794 1437 89
987 1894 86
987 1022 67
987 2420 2
1894 2039 44
1894 1790 55
1894 1313 88
897 954 66
897 1750 58
954 843 26
1540 48 67
1540 59 88
1540 453 43
1540 2498 80
2119 1945 96
2119 417 8
2119 1961 4
2377 2471 42
1709 1192 1
1709 1853 32
1709 1786 4
1709 2028 30
1157 1938 22
1157 744 2
1157 619 90
1157 1073 68
1938 829 7
1938 964 90
18 2153 55
18 702 37
169 1568 94
169 793 45
169 436 72
1568 1965 90
1568 1900 71
686 1283 21
2000 2406 74
2000 2209 99
978 1697 62
978 2057 14
978 1028 36
143 2451 74
143 1892 32
566 2264 14
566 1303 100
2264 2180 61
2264 102 36
2264 1340 54
1967 943 76
1967 1045 46
1967 931 80
382 135 26
382 167 7
382 1948 21
65 935 60
65 424 55
65 2010 33
935 1463 61
935 1621 22
166 1512 27
166 1005 8
166 1303 85
166 407 62
1512 1505 46
1682 2270 42
896 237 25
896 183 85
1802 852 90
1802 2300 68
1802 1022 82
921 2351 90
921 2300 62
458 1805 47
458 1972 68
458 551 7
1805 1053 31
1805 1532 55
1208 554 55
1208 1953 56
1008 1390 37
1008 445 85
1390 1235 3
1390 1229 35
1390 1232 73
1390 1680 12
1137 2143 35
1137 1730 2
717 810 82
717 2017 84
810 1403 57
810 1328 45
2152 2238 73
2152 840 70
1338 1084 60
1338 1464 53
1338 5 83
1052 1420 80
1052 706 8
1052 1893 93
2324 776 34
2324 2399 32
2324 13 72
1043 2148 55
1043 220 56
2148 1069 1
2148 656 57
1243 2209 76
1243 851 21
2209 1409 37
2209 629 2
2209 1112 98
1807 1069 30
1807 61 30
1049 1219 98
1049 361 25
1527 551 10
1527 1775 79
1527 1514 43
50 13 61
50 1965 56
277 2132 32
277 1550 93
185 269 31
185 204 26
1293 437 21
1293 85 82
2312 2475 83
2312 1600 58
1372 2457 53
1372 274 52
551 1968 34
551 1387 61
551 1073 96
1889 1053 12
715 1369 70
715 1799 36
715 128 76
715 879 67
1369 550 71
1369 1179 76
1369 230 30
854 1541 56
854 2393 35
1033 1715 75
1033 484 65
1033 1731 60
1715 43 22
1715 2425 40
2331 534 13
2331 1910 28
2297 1190 40
2297 2310 65
2297 1678 52
196 526 74
175 1253 60
1253 2159 95
1426 1767 74
1426 676 63
1426 100 43
1767 56 11
249 1975 52
249 1038 23
1541 88 94
1541 838 24
1541 1904 24
828 2115 75
828 146 52
1125 133 33
2116 151 39
1806 2294 79
1806 979 17
703 1362 89
744 1462 5
744 1865 65
744 1312 45
202 389 12
1593 1893 49
1893 1899 100
710 1546 55
710 1902 80
710 1235 83
710 806 57
1546 519 62
250 1790 71
771 1854 1
1221 624 51
1061 4 97
1061 1184 82
261 636 89
636 307 55
396 427 51
1621 716 93
1621 494 27
88 878 23
1961 1393 42
1961 1517 81
226 571 3
226 216 62
226 2016 8
571 1013 100
571 988 32
81 762 29
81 939 47
754 2096 21
489 2419 81
489 998 46
489 1599 53
231 1550 51
231 1730 29
231 22 15
1676 1904 13
1904 53 48
1904 1310 75
1108 1302 67
1108 1051 8
356 536 6
356 2347 6
356 1732 15
356 1358 83
536 40 52
536 1349 67
536 662 22
204 933 27
204 283 9
204 1573 68
933 1087 36
933 1519 72
933 66 60
1517 594 69
1517 146 50
2187 1465 83
1050 1848 68
2325 2229 40
1153 2371 88
1153 852 42
2371 1573 60
2371 1347 38
2371 2180 7
2371 2259 77
687 2046 55
2046 716 39
2046 1675 28
2266 1870 49
2266 2446 36
43 1566 89
1864 1915 87
1864 772 10
1563 2125 14
1932 2499 10
1932 554 57
401 1515 13
401 1005 45
660 327 8
647 1987 17
647 267 69
647 1341 46
1987 959 50
1697 1922 15
1697 307 6
1922 1962 13
1922 2062 15
85 2382 62
85 1985 94
1107 2050 20
2262 336 8
2262 53 10
1726 1437 24
1764 617 5
776 1308 24
584 1530 7
584 1158 47
584 63 35
1530 519 30
2493 1960 64
2493 630 97
1589 1409 48
1589 5 13
1375 1655 23
1375 2040 86
1655 322 11
1655 1514 22
1234 1444 35
1765 2304 55
2040 17 86
1018 1303 49
1018 1217 65
1018 1586 54
1616 1392 21
1616 941 31
183 475 76
635 1185 75
635 164 82
635 1822 17
1185 2369 18
1316 1789 88
1316 244 24
1461 2166 75
1461 89 22
1461 1394 8
2166 1919 99
104 1441 71
104 2274 39
104 745 24
104 209 79
1441 1892 49
1441 829 50
1441 264 59
1683 1986 14
1683 336 32
1683 913 1
1683 887 37
1986 506 43
1986 475 2
2150 1704 26
336 2271 63
336 2076 84
336 952 23
408 515 47
408 2036 37
2408 1875 61
2408 843 42
114 1300 88
114 853 77
1775 2398 96
486 809 81
486 2405 66
486 440 15
486 2136 32
809 1859 62
809 1869 39
809 1900 25
1250 1730 2
1250 2393 24
1250 459 50
504 608 67
504 899 68
461 1860 87
1 2399 25
38 282 41
38 361 11
282 628 58
282 271 22
2196 2329 20
2083 2239 13
2239 2226 35
2239 1444 90
2452 1951 72
2452 1758 69
57 645 88
57 2498 35
57 602 94
645 1848 44
516 128 19
516 216 76
343 2207 13
343 1937 56
343 1535 64
2207 1217 82
2207 666 48
2207 432 61
403 2221 17
2221 2234 90
1300 210 29
1300 381 96
527 865 51
1515 619 40
1515 424 54
1515 1942 1
1515 440 61
26 853 13
26 2013 3
2036 1591 24
1042 246 52
1042 223 70
1042 1875 48
376 230 18
437 157 20
1122 1415 21
576 2391 29
576 1458 47
576 172 3
2391 1750 29
2391 327 86
2454 478 72
188 13 6
188 1051 73
188 975 46
1059 1119 29
1059 435 20
1059 2188 8
1059 2311 56
484 1190 93
484 916 32
176 2132 19
176 99 84
176 66 86
1062 2024 85
1062 223 35
2045 1505 43
2045 2080 85
2074 390 89
2074 322 77
2039 1722 98
454 1354 47
454 663 83
454 283 57
454 220 4
1354 229 31
1354 2441 9
389 1639 32
389 864 40
2343 2351 44
1581 2290 28
587 836 95
587 1768 96
836 247 72
237 1514 26
1822 205 85
1822 1036 59
1013 1035 42
2291 432 99
2291 1566 12
1850 264 52
1850 2498 55
431 657 70
1282 1640 24
1640 1768 57
1235 630 22
275 1486 1
275 1956 13
275 2006 13
1486 89 7
1486 2476 25
578 1303 64
2471 2141 5
510 1671 19
510 2475 55
1945 1735 40
1945 2246 99
1311 1011 40
1311 628 93
2128 2455 53
2128 210 87
2455 739 36
1112 1229 85
852 498 9
270 1361 34
378 1735 8
378 580 17
1735 265 65
1735 66 94
1420 1708 86
1420 377 91
2188 1504 6
1708 2425 77
885 1135 28
885 1036 14
1135 453 81
957 2206 54
957 943 15
668 2274 30
668 1217 39
668 831 82
865 48 60
865 1868 18
59 2080 99
59 1642 52
1745 2006 84
1745 2237 57
1745 544 49
1745 2146 100
2006 259 20
1219 2214 67
1219 675 46
2327 1937 48
2255 168 75
247 967 11
247 1865 75
1361 2137 39
1361 1789 96
2137 468 88
552 1586 48
101 1537 25
101 2476 65
101 2009 57
101 2329 79
1302 1678 37
1678 1330 88
1505 168 42
2476 676 71
264 1341 35
1232 2008 37
1704 157 8
1340 259 36
1721 1783 14
1721 2385 98
1721 287 59
1721 1428 94
1721 271 32
1783 597 63
580 646 65
580 2421 86
646 1313 23
90 2179 43
90 2049 55
90 157 8
90 203 22
90 1186 39
2179 1366 87
1750 1307 1
1750 1229 23
1750 2495 60
1364 2404 55
1972 1919 91
1972 321 82
230 1898 8
230 719 76
82 2269 45
82 1823 12
82 468 53
2474 1865 5
2474 310 33
2474 1436 83
2231 1778 23
2231 631 43
1591 1956 80
1591 964 1
1591 559 54
851 1087 58
1453 1577 68
1453 1074 92
1453 1841 7
1453 2082 68
1402 74 33
1402 1620 45
1393 22 18
532 2136 92
532 1679 75
532 2097 56
532 410 34
2136 2405 99
2136 1005 83
453 1898 56
2447 2426 88
908 2369 49
908 1875 63
2369 1368 10
642 251 17
642 1129 39
642 506 97
133 1491 60
133 22 76
762 1199 39
762 263 33
1067 51 86
1067 2415 22
1573 631 96
1793 429 52
1793 719 11
2228 570 19
2228 1732 4
1218 1181 5
1856 1968 31
570 1714 90
570 1995 66
1789 2229 100
2226 539 42
1058 2323 89
1058 1028 1
360 361 46
360 1152 24
360 162 46
1179 2347 76
1179 683 36
1583 2014 69
1583 702 91
269 1328 24
432 1045 18
432 2259 15
1429 1948 8
1429 663 39
1948 1474 68
1948 478 40
1948 994 2
2084 462 92
2271 212 94
459 666 31
2010 1679 6
1047 2360 43
2232 2393 45
2393 557 75
2393 1965 66
1196 759 14
148 62 54
1732 629 51
462 2374 12
462 1308 92
2374 259 59
2374 1769 67
99 187 11
368 2492 8
368 1440 70
1868 1882 12
777 1780 14
777 624 76
2078 601 78
1053 891 5
1053 1428 84
251 1942 44
838 61 38
2406 2361 43
2406 769 23
424 2095 45
2095 2441 59
1428 2180 29
1428 2348 28
1336 2104 25
1336 2014 44
246 271 37
243 511 5
2237 769 69
557 759 53
759 451 9
759 128 80
1158 314 10
1158 2033 31
1158 2092 17
1870 1535 60
1870 2329 8
1504 310 86
1504 146 83
299 1183 38
299 1143 41
299 806 1
1628 283 23
1628 1308 35
2097 811 5
100 1752 9
240 2125 6
240 330 35
240 2159 47
135 1942 6
135 892 25
367 1937 37
367 102 10
1937 870 70
1937 2388 74
2033 2141 7
2033 2143 60
2141 2403 32
2141 1041 59
377 1170 64
377 540 24
267 1706 23
267 1698 35
267 2361 11
1706 468 82
1706 558 22
1815 2398 100
559 1999 44
559 2484 32
1999 938 29
1254 1477 26
1254 1912 2
1477 172 98
1477 419 8
1477 941 24
1474 879 23
959 199 81
959 967 80
229 1651 23
2008 994 51
1415 946 77
263 1866 48
167 1902 10
167 1378 92
167 1875 50
1902 880 10
2483 244 10
2057 2066 25
2057 752 25
947 397 74
79 1910 13
79 352 30
1910 1457 9
2176 1742 70
2176 1553 80
2176 676 90
1074 48 100
17 145 11
17 1184 57
2165 429 16
2165 2020 76
1768 1970 5
1323 1539 76
1539 2193 80
1436 2049 26
1780 440 58
1780 673 67
1613 1152 93
223 1027 26
223 1080 98
164 1799 23
164 2037 67
1919 435 42
617 1912 59
617 1888 64
1226 444 70
435 1192 30
435 1607 58
39 1827 95
39 1246 12
39 1970 100
39 157 30
1827 2159 89
1827 410 56
1371 2013 6
1371 550 97
1371 2415 13
1371 2404 61
4 807 83
986 1620 40
986 2310 51
986 964 99
986 1228 28
1620 944 21
1027 2146 20
1027 501 73
2146 419 1
2146 1553 100
449 2169 12
449 1698 26
539 213 29
16 1635 38
1387 1671 93
1387 752 2
1387 805 93
1463 2426 13
608 303 51
625 2238 28
1220 1358 96
1220 2158 43
1220 1331 42
205 739 19
205 1667 31
205 526 74
501 210 83
501 641 3
526 830 67
526 2050 83
830 203 27
830 808 52
830 837 52
609 2358 59
2319 2104 82
2319 946 90
807 2132 91
2132 216 15
2132 287 81
2290 673 26
1491 496 57
597 2358 68
2020 1358 92
1358 1571 15
276 2492 50
276 1378 33
276 52 3
310 1216 4
184 314 15
478 172 63
2049 1192 23
1738 1488 5
752 172 37
752 352 40
1172 2451 46
1084 808 87
1084 850 14
1494 1035 97
1494 2326 20
1642 2016 42
1642 1888 61
1642 1087 76
837 1970 19
1518 1186 63
1518 1431 100
1119 2155 32
1119 2061 65
1119 406 9
2159 772 8
2310 1011 85
2310 303 1
62 1679 9
62 2014 83
62 2326 62
735 2348 37
2348 673 45
213 1714 96
2281 162 12
2281 332 23
381 671 24
381 716 62
670 1073 39
670 1181 45
1769 1140 12
2013 1040 82
793 1310 54
593 1315 90
593 1495 61
1534 1603 43
1534 2384 34
1603 675 98
1603 248 64
1152 1952 11
1952 330 52
683 840 2
683 698 73
683 2296 79
1975 1860 21
1975 496 29
475 1469 41
494 994 85
1464 1786 25
1464 880 19
1786 1995 38
2296 1962 5
2296 1521 23
913 2288 54
913 805 76
1330 2092 54
1330 287 65
2092 675 28
2425 1752 72
1458 1120 25
1409 285 93
806 2404 53
1648 1186 27
1648 2475 57
1201 2341 7
2341 2288 91
2341 2054 68
624 1246 11
624 2028 64
1246 550 7
2288 692 36
468 1645 62
468 1071 26
1645 511 56
397 5 74
397 2224 40
907 303 14
23 1379 38
23 818 44
23 436 63
23 1599 17
1379 616 75
1028 2388 21
1028 1553 75
330 1245 69
42 1378 77
327 864 50
864 429 7
915 1143 84
1310 1136 91
619 1360 3
1183 40 73
1331 2238 86
671 916 80
671 878 14
916 1667 60
1860 429 20
1269 2299 43
891 964 22
891 1271 71
1859 975 66
2388 2404 39
2388 2155 23
938 1440 89
102 1469 70
1731 2365 60
592 1349 12
592 2214 2
592 2269 54
1349 739 76
199 492 51
492 1370 99
492 879 16
2069 1170 72
2069 1906 72
212 2309 34
212 931 42
212 600 10
2309 2484 70
769 887 71
769 1970 10
887 1136 47
887 2096 5
1882 1823 18
1882 2193 94
808 2415 16
1778 1854 94
1245 498 71
2024 1433 97
2269 880 77
679 2259 18
679 698 33
679 1129 19
1960 2384 5
2495 1041 63
805 2451 9
805 534 9
1022 1694 75
1022 1019 67
2230 879 44
2480 1680 39
144 1433 39
1942 317 46
265 162 87
265 1752 3
283 644 68
983 1488 45
979 1586 56
1181 2016 100
818 706 15
818 1101 3
1019 644 57
1283 946 92
1283 2096 76
1283 422 14
2323 1271 61
2323 657 37
2155 1521 7
1271 1866 30
1271 2224 38
1443 2061 10
1443 1101 10
317 702 48
1347 702 27
1535 1667 35
1535 2205 88
1036 1871 42
1954 2096 89
1954 1710 52
2096 1566 29
967 74 66
1724 1195 87
146 1906 45
248 1222 27
248 2066 66
1968 1521 60
2311 698 87
203 1635 27
1635 1195 22
1635 1758 79
2274 1184 95
1897 2080 93
698 1038 92
698 1900 44
1038 1713 80
285 616 36
616 51 90
616 2234 53
2214 931 89
999 1488 35
1225 1025 92
2382 2419 79
314 946 4
314 1431 54
1440 1853 73
1495 1742 33
410 321 89
51 994 78
51 298 14
76 831 56
70 2082 55
70 2063 30
2446 811 37
558 56 85
629 466 15
811 2115 39
1758 1261 61
1758 1871 32
1746 1005 30
2054 1267 64
540 1025 47
1557 1136 53
892 2050 79
1192 1854 23
2158 1129 14
1216 1532 63
850 1261 89
850 1228 77
1261 656 6
1900 298 62
1392 2496 10
2496 444 2
2063 840 51
1915 2056 41
1853 1308 66
406 589 89
1532 2028 21
506 1143 80
506 2056 30
706 496 36
162 1995 20
496 1854 22
1651 601 38
1752 975 14
1607 2061 2
941 1566 57
589 52 48
589 2014 15
352 684 87
2205 2234 33
2234 939 93
2009 729 47
984 2326 93
2246 2398 76
2456 1041 91
1195 729 52
1553 2484 53
2484 1571 10
673 2086 58
1722 931 49
2300 64 25
407 1854 3
1040 684 31
644 1011 93
2224 1307 23
952 631 38
2182 52 83
2028 1544 18
1222 2056 65
1898 853 90
