1000 2500
341 707 93
341 870 23
341 139 79
341 101 24
341 473 6
707 422 67
707 853 81
707 723 6
707 310 56
696 755 57
696 231 88
696 971 24
696 938 69
696 331 45
755 313 45
755 429 81
755 473 82
755 105 92
589 629 81
589 363 19
589 767 8
589 158 8
589 537 34
629 176 28
629 893 43
629 927 51
629 200 25
380 555 77
380 229 94
380 689 68
380 757 61
380 855 75
555 34 79
555 874 8
555 26 42
555 625 69
317 844 5
317 329 18
317 761 11
317 357 59
317 492 79
844 181 34
844 59 61
844 92 16
844 820 82
78 333 40
78 989 83
78 959 31
78 893 74
78 88 56
333 392 29
333 418 70
333 188 65
333 546 77
800 812 19
800 426 1
800 541 31
800 239 89
800 57 38
812 298 92
812 956 4
812 717 1
812 189 27
597 898 45
597 447 46
597 806 53
597 359 32
597 886 89
898 863 33
898 819 79
898 903 80
898 54 45
282 477 16
282 480 71
282 845 68
282 205 53
282 198 19
477 510 79
477 154 75
477 779 87
477 491 77
540 772 64
540 21 11
540 590 17
540 83 74
540 363 58
772 101 48
772 33 48
772 437 9
772 84 92
161 187 2
161 465 12
161 174 42
161 880 83
161 727 80
187 592 53
187 219 80
187 926 73
187 454 56
35 636 61
35 603 78
35 735 17
35 240 8
35 133 79
636 2 83
636 1 39
636 896 27
636 4 17
292 298 19
292 197 81
292 402 27
292 327 97
292 425 26
298 843 74
298 711 89
298 475 16
114 520 94
114 149 9
114 658 4
114 627 74
114 442 75
520 194 97
520 818 50
520 775 31
520 996 1
216 388 21
216 545 93
216 496 44
216 204 59
216 73 14
388 598 48
388 863 69
388 951 72
388 669 58
305 991 15
305 586 41
305 311 25
305 634 72
305 104 86
991 505 35
991 604 8
991 378 5
991 674 43
808 937 48
808 482 14
808 861 36
808 391 83
808 136 55
937 255 36
937 917 9
937 958 33
937 593 56
138 505 46
138 143 22
138 836 75
138 485 26
138 764 86
505 198 33
505 478 70
505 725 36
231 623 53
231 779 83
231 877 51
231 582 24
34 942 24
34 944 99
34 672 10
34 495 41
942 672 80
942 355 95
942 939 81
942 430 30
64 290 88
64 93 84
64 979 62
64 274 40
64 838 13
290 715 31
290 891 57
290 628 12
290 663 67
91 393 54
91 676 39
91 908 19
91 722 11
91 979 2
393 746 48
393 768 9
393 971 84
393 90 80
254 945 98
254 251 71
254 18 97
254 366 37
254 167 9
945 556 48
945 429 20
945 190 69
945 637 28
113 677 46
113 12 92
113 93 87
113 357 8
113 841 6
677 349 89
677 209 54
677 156 26
677 266 9
225 738 66
225 853 19
225 402 41
225 813 94
225 121 93
738 908 46
738 250 45
738 362 69
738 51 1
404 969 51
404 940 73
404 710 91
404 591 64
404 514 75
969 221 69
969 77 32
969 72 18
969 80 3
245 716 53
245 804 22
245 499 95
245 973 50
245 400 69
716 801 7
716 804 99
716 914 80
716 377 33
97 552 88
97 277 36
97 182 38
97 209 11
97 670 16
552 92 78
552 169 66
552 940 67
552 471 4
258 506 18
258 890 34
258 911 99
258 515 44
258 246 60
506 386 38
506 534 16
506 246 65
506 802 19
436 692 58
436 637 83
436 760 44
436 619 54
436 137 15
692 873 85
692 271 39
692 824 51
692 490 88
215 544 46
215 615 60
215 609 90
215 412 45
215 18 79
544 575 51
544 22 83
544 72 26
544 335 40
482 845 36
482 31 51
482 43 10
482 519 2
206 495 83
206 897 48
206 668 82
206 438 76
206 21 64
495 414 82
495 980 40
495 413 7
486 778 40
486 881 66
486 751 23
486 268 83
486 446 97
778 909 26
778 498 53
778 261 18
778 259 77
229 973 93
229 645 8
229 803 15
229 26 3
973 561 85
973 515 91
973 182 64
200 421 43
200 601 28
200 989 49
200 48 89
421 13 3
421 256 47
421 922 67
421 948 14
377 871 10
377 848 92
377 480 100
377 857 68
871 474 54
871 580 11
871 283 97
871 730 1
223 813 7
223 73 37
223 622 60
223 978 23
223 470 77
813 502 66
813 132 42
813 86 92
10 440 64
10 89 10
10 387 55
10 391 54
10 27 76
440 452 40
440 22 53
440 480 60
440 103 60
146 975 51
146 62 18
146 910 40
146 331 30
146 277 92
975 886 42
975 54 6
975 967 70
975 909 63
545 634 95
545 700 26
545 159 61
545 564 43
181 816 92
181 632 38
181 966 7
181 85 72
816 717 73
816 226 91
816 549 79
816 461 32
857 950 18
857 133 26
857 230 8
857 554 35
950 661 79
950 127 50
950 957 30
950 568 100
843 39 12
843 4 22
843 270 43
843 406 15
392 442 20
392 852 3
392 854 54
392 239 84
665 865 89
665 145 68
665 57 27
665 872 68
665 722 98
865 183 49
865 239 29
865 762 39
865 776 84
353 370 49
353 87 33
353 123 20
353 487 53
353 154 85
370 914 30
370 435 93
370 811 63
370 38 61
15 411 76
15 460 44
15 53 79
15 671 10
15 618 87
411 29 2
411 687 71
411 525 6
411 701 64
851 912 42
851 759 17
851 188 52
851 369 34
851 999 57
912 704 20
912 879 3
912 69 60
912 192 64
221 745 71
221 422 17
221 218 46
221 219 59
745 608 52
745 264 45
745 96 13
745 242 64
465 261 42
465 319 14
465 365 49
465 533 83
956 965 85
956 809 18
956 108 64
956 98 92
965 242 45
965 731 62
965 143 24
965 437 21
65 906 16
65 811 46
65 153 31
65 30 9
65 959 98
906 640 24
906 842 13
906 648 58
906 639 21
192 718 100
192 410 77
192 126 29
192 297 18
718 419 31
718 76 4
718 901 66
718 194 44
387 548 70
387 936 24
387 683 14
387 925 65
548 286 8
548 976 66
548 900 47
548 171 70
974 982 73
974 922 27
974 386 78
974 358 35
974 337 77
982 224 81
982 251 48
982 672 47
982 573 55
12 27 93
12 251 69
12 835 7
12 640 35
524 782 19
524 219 28
524 741 90
524 207 48
524 858 5
782 933 88
782 189 84
782 497 61
782 576 59
227 904 40
227 151 45
227 711 51
227 160 46
227 374 77
904 352 40
904 747 53
904 598 51
904 94 8
924 981 69
924 183 83
924 131 87
924 243 53
924 948 97
981 541 71
981 529 29
981 363 97
981 822 23
17 48 19
17 140 26
17 98 97
17 24 23
17 763 39
48 754 3
48 502 17
48 678 47
80 476 38
80 9 74
80 511 7
80 659 57
476 255 25
476 358 20
476 115 95
476 180 76
241 430 100
241 203 50
241 550 60
241 441 25
241 971 25
430 121 47
430 827 97
430 445 43
679 921 79
679 196 3
679 737 31
679 372 45
679 866 100
921 761 65
921 140 14
921 124 24
921 190 30
252 588 63
252 381 60
252 307 91
252 287 27
252 463 30
588 226 71
588 434 37
588 911 64
588 779 82
848 193 62
848 155 83
848 874 40
848 760 28
577 644 83
577 47 72
577 895 2
577 806 64
577 136 92
644 296 61
644 325 79
644 769 12
644 992 52
9 798 84
9 71 17
9 285 42
9 307 59
247 775 44
247 98 32
247 164 25
247 407 30
247 607 27
775 559 77
775 830 93
775 176 24
933 3 95
933 827 29
933 257 17
933 104 11
666 987 34
666 761 5
666 32 66
666 727 51
666 152 77
987 119 7
987 346 54
987 601 99
987 970 75
583 989 1
583 571 87
583 978 43
583 509 64
583 116 7
989 278 63
989 721 3
95 762 33
95 49 20
95 213 7
95 657 25
95 736 79
762 301 42
762 6 97
762 166 66
191 321 72
191 608 33
191 66 84
191 329 33
191 117 2
321 530 26
321 268 80
321 886 48
321 144 59
579 695 88
579 831 5
579 344 76
579 658 7
579 466 37
695 731 24
695 107 34
695 63 28
695 836 48
277 610 54
277 448 33
277 901 4
556 828 58
556 128 80
556 549 48
556 204 79
828 836 75
828 864 64
828 246 86
828 94 88
580 776 60
580 850 98
580 178 79
580 488 47
776 628 62
776 423 39
776 704 29
136 390 59
136 395 5
136 719 19
390 598 22
390 967 33
390 134 44
390 471 94
514 867 50
514 332 100
514 297 86
514 618 4
867 957 85
867 332 89
867 643 26
867 814 89
603 749 69
603 744 98
603 998 85
603 107 91
652 837 76
652 129 90
652 590 68
652 141 31
652 134 63
837 532 93
837 646 48
837 246 54
837 742 17
873 104 59
873 207 47
873 286 48
873 464 29
296 286 76
296 549 75
296 339 67
296 992 7
47 523 37
47 591 11
47 368 93
47 768 30
571 303 56
571 257 52
571 642 96
571 448 84
480 502 78
480 866 83
621 849 70
621 376 98
621 620 46
621 4 93
621 318 7
849 441 73
849 8 36
849 150 8
849 543 65
69 601 33
69 204 47
69 980 95
69 289 62
601 787 68
601 756 51
129 729 60
129 620 21
129 877 14
129 304 2
316 478 25
316 168 72
316 179 62
316 658 9
316 75 7
478 399 99
478 624 67
478 935 29
152 864 48
152 293 2
152 287 14
152 214 3
864 592 90
864 968 8
864 56 64
270 856 93
270 805 37
270 464 61
270 542 60
856 565 79
856 691 47
856 394 32
856 891 67
189 366 74
189 822 95
189 163 87
445 479 49
445 59 32
445 823 15
445 188 21
479 11 33
479 75 76
479 694 31
479 74 90
177 399 95
177 996 5
177 193 44
177 271 13
177 299 44
399 602 58
399 45 48
399 558 53
108 565 95
108 519 36
108 184 24
108 749 55
565 977 45
565 170 6
565 420 32
531 668 68
531 993 8
531 323 40
531 806 20
531 576 96
668 335 25
668 158 38
668 151 28
645 653 59
645 575 8
645 410 53
645 303 4
653 626 55
653 160 64
653 730 66
653 466 51
107 749 23
107 276 91
107 923 72
749 134 51
749 943 51
39 172 18
39 484 90
39 52 25
39 675 1
121 504 37
121 472 78
121 835 79
504 784 24
504 232 96
504 820 58
504 284 79
322 494 66
322 51 13
322 907 59
322 171 36
322 405 55
494 547 44
494 14 97
494 685 24
494 807 55
834 934 2
834 84 31
834 195 2
834 275 37
834 8 18
934 698 65
934 71 40
934 185 12
934 632 20
378 654 95
378 273 73
378 894 12
378 564 21
654 850 17
654 918 48
654 198 35
654 780 9
174 250 77
174 626 28
174 997 86
174 249 94
250 218 13
250 454 18
250 711 28
491 860 53
491 798 17
491 988 93
491 320 68
860 875 56
860 671 57
860 93 67
860 373 68
210 432 46
210 324 78
210 757 90
210 240 13
210 518 37
432 990 30
432 926 57
432 426 99
432 609 97
823 961 16
823 907 7
823 313 46
823 576 37
961 623 81
961 425 79
961 77 31
961 55 42
131 962 57
131 799 48
131 605 12
131 233 79
962 715 76
962 77 51
962 301 53
962 928 30
468 584 87
468 530 87
468 905 34
468 874 39
468 901 6
584 435 57
584 985 79
584 809 12
584 801 21
74 428 2
74 951 55
74 546 29
74 756 41
428 3 75
428 459 9
428 409 27
428 44 51
368 646 50
368 279 21
368 61 95
368 664 56
646 267 4
646 167 51
646 708 60
19 492 41
19 551 42
19 550 80
19 553 56
19 732 85
492 49 71
492 401 40
492 163 38
562 740 5
562 419 9
562 878 69
562 500 82
562 30 85
740 242 27
740 77 33
740 66 35
740 539 35
414 613 27
414 420 96
414 887 96
414 624 35
613 364 64
613 119 95
613 835 5
613 840 77
804 403 55
804 456 93
804 248 69
485 902 63
485 89 97
485 551 71
485 777 66
902 130 16
902 675 40
902 656 15
902 591 51
224 452 52
224 996 55
224 386 76
224 232 66
452 664 95
452 260 89
452 32 50
551 618 40
551 312 75
551 877 45
618 232 71
618 490 13
124 285 98
124 814 1
124 68 57
124 73 88
285 920 8
285 196 49
285 564 26
255 256 97
255 23 11
255 83 55
6 558 86
6 560 6
6 602 33
6 412 25
558 941 93
558 889 20
558 8 75
342 364 12
342 275 11
342 595 67
342 470 87
342 512 4
364 992 20
364 619 59
364 275 11
183 523 18
183 841 85
183 850 11
339 438 41
339 617 21
339 52 49
339 876 95
438 763 70
438 534 43
438 683 53
484 713 59
484 815 71
484 2 100
484 640 36
713 246 36
713 371 5
713 394 72
713 251 47
134 680 75
134 424 60
680 50 40
680 297 21
680 330 32
680 620 6
75 365 26
75 727 14
75 41 1
365 338 47
365 2 49
365 862 78
100 458 55
100 118 51
100 736 66
100 497 22
100 984 98
458 463 47
458 280 47
458 242 46
458 173 63
286 818 29
286 369 6
257 899 26
257 747 12
257 915 15
899 415 82
899 788 87
899 825 40
899 978 51
49 923 70
49 706 99
49 344 84
626 463 41
626 838 55
626 327 64
324 431 11
324 541 89
324 796 87
324 455 78
431 789 83
431 369 16
431 893 35
431 750 58
220 868 45
220 85 39
220 587 88
220 31 30
220 725 67
868 345 16
868 88 30
868 402 54
868 356 93
36 293 43
36 756 30
36 736 77
36 752 100
36 984 51
293 536 5
293 175 84
293 661 4
710 732 60
710 888 46
710 240 32
710 400 22
732 734 99
732 825 17
732 396 47
82 754 85
82 890 57
82 791 58
82 581 46
82 334 82
754 537 56
754 918 4
754 889 48
325 661 35
325 115 69
325 980 62
325 166 85
661 614 79
661 870 77
4 197 26
4 691 54
197 596 68
197 744 79
197 903 27
595 930 45
595 935 86
595 509 54
595 729 1
930 457 47
930 916 63
930 963 25
930 464 64
795 955 1
795 11 10
795 673 56
795 697 76
795 426 34
955 169 35
955 619 75
955 280 45
955 527 95
382 557 23
382 909 15
382 469 39
382 462 48
382 815 100
557 526 97
557 347 6
557 623 52
557 112 4
693 944 98
693 660 6
693 889 99
693 938 35
693 112 22
944 532 38
944 496 48
944 789 57
691 119 82
691 122 13
691 684 30
439 539 98
439 882 28
439 750 68
439 797 78
439 396 48
539 53 25
539 722 45
539 606 100
60 771 51
60 518 29
60 288 21
60 237 84
60 570 67
771 802 58
771 383 21
771 917 92
771 158 11
519 817 61
519 960 17
519 101 45
870 508 48
870 768 87
870 678 47
433 724 90
433 43 42
433 752 79
433 383 20
433 533 42
724 608 48
724 260 30
724 371 4
724 529 34
784 32 47
784 925 96
784 758 45
784 415 83
596 260 64
596 703 70
596 513 68
596 262 63
29 125 45
29 444 45
29 335 54
29 781 13
777 799 71
777 825 69
777 704 18
777 566 53
799 462 43
799 649 77
799 18 58
7 63 53
7 23 48
7 797 6
7 623 36
7 635 37
63 688 63
63 148 67
63 664 63
575 929 8
575 381 97
575 915 68
929 427 20
929 264 66
929 405 94
929 101 35
441 383 86
441 351 21
441 615 56
92 355 78
92 389 10
92 397 96
272 748 56
272 1 71
272 61 94
272 735 6
272 847 41
748 805 63
748 821 14
748 765 53
748 408 61
957 712 52
957 14 62
957 970 68
410 875 2
410 37 14
410 527 72
424 616 87
424 926 15
424 512 35
424 154 80
616 279 62
616 542 4
616 688 51
616 787 60
267 669 29
267 651 92
267 892 86
267 352 7
669 627 42
669 79 60
669 521 54
58 824 79
58 165 37
58 132 29
58 193 26
58 966 62
824 807 72
824 510 26
824 106 16
446 820 34
446 638 40
446 541 57
446 896 13
820 313 28
820 638 42
405 639 76
405 664 84
405 265 66
639 866 85
639 647 55
639 858 6
81 807 29
81 722 46
81 659 34
81 23 70
81 649 63
807 271 33
807 217 14
314 600 8
314 384 75
314 41 71
314 236 60
314 455 88
600 920 26
600 672 99
600 31 45
600 572 13
11 599 16
11 656 67
11 996 85
599 641 68
599 203 88
599 157 38
599 581 63
826 897 66
826 356 4
826 253 88
826 699 57
826 238 55
897 918 13
897 836 86
897 173 20
172 496 84
172 863 67
172 526 1
172 649 14
372 992 95
372 497 24
372 110 11
372 256 27
992 560 79
148 344 83
148 510 77
148 444 60
148 76 98
344 59 30
344 72 86
532 139 4
532 329 45
532 396 70
195 276 15
195 301 48
195 337 34
195 449 85
276 687 55
276 306 39
276 790 93
87 185 20
87 450 52
87 525 83
87 790 89
185 102 99
185 994 72
185 157 63
721 880 58
721 340 42
721 753 65
721 499 27
880 449 78
880 50 58
880 825 46
522 671 99
522 759 4
522 919 88
522 447 14
522 102 36
671 57 64
671 630 44
490 947 7
490 916 88
490 770 73
947 273 54
947 141 44
947 55 91
947 85 49
43 407 71
43 269 84
43 235 84
407 281 22
407 513 57
407 86 49
328 805 39
328 830 97
328 30 5
328 340 48
328 783 93
805 375 89
805 105 84
801 737 48
801 821 6
801 26 5
450 110 52
450 122 28
450 461 4
450 423 40
122 291 89
122 948 43
122 116 47
291 395 99
291 493 98
291 319 31
291 204 62
977 549 16
977 233 92
977 770 36
977 785 76
13 774 7
13 866 98
13 988 37
13 682 14
792 796 40
792 302 3
792 442 80
792 66 30
792 578 34
796 704 18
796 389 33
796 151 47
704 31 28
881 990 11
881 610 24
881 417 36
881 493 66
990 170 83
990 208 25
990 993 20
25 102 38
25 300 64
25 612 69
25 425 15
25 803 87
102 165 23
102 914 10
150 511 90
150 723 75
150 218 100
150 109 47
511 573 50
511 905 81
511 83 89
502 529 76
502 111 26
32 70 21
32 903 11
789 454 5
789 347 72
789 570 98
289 705 17
289 994 40
289 895 2
289 907 23
705 332 27
705 347 16
705 278 11
705 208 27
179 690 2
179 217 49
179 976 28
179 543 78
690 2 65
690 830 34
690 964 9
690 702 43
86 611 37
86 106 90
86 233 84
611 913 98
611 758 43
611 553 10
611 115 26
861 455 18
861 443 26
861 509 66
861 709 85
279 701 91
279 925 74
279 995 96
110 330 27
110 660 27
110 56 68
330 788 89
330 96 21
330 663 86
23 33 15
23 635 1
33 481 90
33 127 80
33 212 28
631 676 22
631 606 86
631 648 52
631 747 2
631 503 24
676 427 36
676 998 93
676 847 22
761 785 59
761 238 1
785 554 93
785 941 1
785 534 91
94 996 23
94 456 22
94 157 37
592 667 61
592 521 77
592 993 68
508 806 70
508 198 68
508 832 75
508 186 98
62 269 64
62 650 30
62 306 95
62 165 40
735 769 20
735 903 43
735 512 62
769 119 51
769 283 16
769 162 11
425 872 54
425 306 62
872 535 36
872 112 71
872 569 84
594 909 13
594 141 36
594 814 7
594 67 63
594 610 52
909 61 43
496 523 28
496 233 24
523 460 10
523 767 35
379 612 1
379 831 59
379 919 38
379 264 18
379 442 9
612 730 23
612 702 25
612 427 5
57 561 89
57 249 84
561 964 74
561 343 64
561 751 44
839 862 4
839 940 64
839 931 49
839 483 93
839 526 65
862 284 95
862 68 32
862 664 38
160 182 47
160 162 40
160 265 83
609 894 84
609 634 85
609 717 79
894 120 9
894 604 47
894 442 23
632 70 60
632 720 73
632 526 4
260 93 47
260 248 33
401 878 94
401 650 74
401 42 97
401 304 24
89 409 12
89 456 86
89 434 53
624 649 98
624 67 54
624 536 20
649 419 69
88 297 10
88 630 92
88 266 33
297 709 55
598 587 25
598 814 78
335 811 20
335 217 80
811 214 1
811 24 80
308 794 15
308 269 78
308 90 33
308 41 95
308 461 3
794 513 99
794 412 25
794 559 26
794 61 46
56 164 2
56 655 48
56 350 68
164 467 28
164 943 5
164 153 49
456 560 92
456 617 16
876 986 5
876 313 68
876 659 92
876 488 51
986 463 18
986 701 35
986 963 64
986 470 92
703 730 15
703 202 57
703 819 91
703 720 58
448 688 97
448 326 33
448 106 15
688 887 35
688 931 4
682 855 70
682 105 30
682 625 88
682 995 16
855 474 91
855 643 74
855 967 70
269 354 29
269 908 99
312 764 55
312 337 20
312 760 45
312 418 81
764 487 56
764 516 1
764 117 25
501 700 84
501 262 22
501 413 25
501 274 6
501 918 32
700 846 73
700 928 66
700 786 18
222 461 75
222 827 80
222 454 57
222 84 52
222 44 2
461 354 46
67 178 28
67 423 25
67 213 43
878 20 90
878 130 68
878 196 56
759 922 89
759 429 61
759 228 66
903 530 52
941 154 32
941 768 99
941 155 10
908 768 30
908 605 62
303 706 10
303 810 37
303 999 42
193 651 78
193 875 96
643 905 78
643 334 55
643 727 19
905 919 7
905 336 18
128 310 9
128 313 85
128 273 2
128 516 71
310 830 11
310 105 98
310 417 94
547 348 87
547 147 13
547 175 45
547 608 35
628 607 22
628 900 78
628 883 51
319 515 31
319 517 6
319 741 77
515 923 73
515 323 84
549 184 8
774 978 34
774 201 66
774 453 88
774 528 24
194 55 58
194 304 77
194 879 61
831 553 36
831 118 96
831 743 99
607 838 45
607 998 66
607 116 66
838 712 82
838 932 40
882 253 80
882 54 40
882 118 61
882 208 23
327 375 99
327 806 22
327 73 91
375 641 30
375 765 34
375 471 11
359 444 92
359 475 14
359 698 74
359 68 86
444 469 62
444 240 97
875 932 85
875 733 66
381 403 58
381 93 4
381 786 42
634 797 61
634 397 22
362 369 65
362 202 58
362 228 37
362 144 7
369 913 4
234 449 5
234 913 99
234 968 10
234 500 24
234 201 14
449 207 92
449 288 41
46 398 65
46 420 3
46 137 88
46 726 65
46 142 49
398 459 91
398 155 68
398 883 93
398 454 19
259 542 98
259 919 4
259 538 30
259 263 77
542 356 65
542 400 37
517 657 24
517 41 25
517 427 73
517 357 12
657 642 98
657 178 98
657 791 92
802 256 8
802 684 73
802 137 42
568 739 69
568 859 30
568 253 59
568 123 4
739 786 51
739 733 5
739 780 68
739 641 15
527 850 56
527 403 28
527 228 40
850 180 90
920 422 97
920 488 94
920 655 20
698 659 44
698 949 59
698 619 20
563 889 96
563 40 62
563 673 69
563 451 51
563 949 95
889 529 45
348 964 58
348 167 90
348 158 18
348 938 73
964 139 96
964 120 57
176 953 37
176 507 77
176 827 23
683 954 98
683 694 1
683 481 17
954 913 40
954 543 58
954 208 58
954 37 46
627 910 95
627 533 84
627 840 76
910 510 87
910 869 40
910 71 43
275 819 88
275 295 83
608 606 97
559 30 83
559 211 93
559 45 43
499 173 70
499 83 73
499 326 38
663 832 26
663 418 22
663 166 100
832 99 79
832 409 93
832 781 34
403 230 38
403 637 61
463 219 41
218 481 91
218 714 39
481 248 96
481 343 10
115 471 76
115 104 81
256 127 34
55 896 17
55 685 62
413 842 10
413 743 51
413 606 65
842 263 39
842 854 92
842 686 56
742 752 61
742 943 41
742 373 40
742 967 35
752 734 40
752 395 46
349 788 3
349 869 39
349 970 74
349 214 90
273 852 26
273 923 62
863 537 31
863 53 86
711 678 51
711 207 59
660 217 31
660 147 6
660 753 37
248 978 95
248 817 92
71 90 92
71 633 31
207 205 51
376 932 92
376 106 36
376 736 20
376 418 3
932 0 1
932 144 85
717 750 22
717 507 3
262 119 12
262 408 62
262 829 14
536 770 55
536 280 47
536 489 7
44 687 3
44 635 9
44 0 37
687 574 44
687 356 19
265 655 80
265 170 10
265 307 75
655 90 81
655 976 72
355 226 63
355 239 87
355 773 81
2 467 56
226 266 74
226 184 2
127 336 48
127 497 51
104 329 84
329 96 43
363 582 64
363 793 4
51 681 2
51 760 36
51 76 89
360 928 48
360 521 13
360 847 76
360 793 94
360 936 63
928 287 55
928 140 68
923 895 65
106 374 66
374 299 44
374 340 75
374 142 21
219 503 30
79 951 4
79 890 57
79 581 51
79 306 14
951 630 55
951 610 44
475 887 68
475 623 89
475 50 70
887 26 52
887 466 80
132 373 53
132 715 33
132 109 68
541 59 65
919 673 39
27 351 92
27 429 82
27 347 5
351 295 8
351 111 14
351 512 39
617 417 83
617 199 100
617 622 74
940 708 63
940 741 21
188 979 73
188 99 41
979 415 54
979 554 21
503 725 8
503 835 23
503 309 62
725 242 4
725 190 51
797 943 6
797 304 70
943 455 42
204 927 26
3 307 23
3 959 62
3 412 29
814 689 42
926 18 4
926 697 64
723 402 98
723 890 87
723 489 91
338 426 8
338 76 96
338 300 62
338 815 8
315 790 55
315 966 38
315 311 94
315 109 11
315 309 44
790 578 43
790 416 15
447 946 31
447 648 38
447 788 70
946 635 29
946 729 79
946 443 72
946 96 82
155 658 17
155 859 51
658 728 89
166 667 58
166 373 15
667 581 99
667 708 84
667 244 2
59 647 59
466 550 54
466 709 40
550 459 16
550 786 2
827 408 9
21 694 83
21 674 63
21 337 89
694 733 74
694 137 83
236 582 62
236 464 15
236 874 55
236 153 84
582 779 85
582 120 44
20 766 15
20 537 23
20 16 86
20 311 58
788 336 21
281 998 52
281 968 63
281 729 48
281 650 88
998 239 2
40 111 23
40 283 57
40 635 8
40 935 74
936 168 19
936 662 48
936 283 58
474 675 48
474 985 27
474 614 55
675 566 71
675 68 55
232 168 30
232 472 36
137 352 38
352 997 15
352 457 90
70 651 28
70 300 39
70 500 28
604 641 30
604 182 82
604 570 43
641 334 19
888 180 34
888 347 90
888 358 48
888 585 74
510 780 97
701 893 5
701 845 66
184 526 96
184 525 51
263 622 54
263 781 41
263 1 69
730 167 77
350 581 44
350 509 55
350 995 25
350 833 41
309 958 25
309 420 51
309 886 35
958 712 92
958 31 89
958 125 59
674 821 84
674 737 57
674 111 34
821 311 17
821 699 72
791 997 18
791 367 5
791 208 48
997 917 12
997 356 10
659 214 25
678 846 95
678 960 58
715 702 27
715 135 23
302 689 15
302 758 10
302 859 98
302 170 84
689 264 97
689 120 52
518 719 95
518 198 62
518 803 5
271 967 31
271 406 28
149 712 44
149 130 80
149 793 12
149 5 51
712 429 8
151 651 49
151 620 11
585 605 62
585 569 79
585 230 35
585 900 8
605 72 92
605 681 24
367 793 97
367 143 82
367 154 84
367 733 92
168 437 71
168 453 75
169 901 18
169 697 76
169 18 18
497 437 76
516 999 17
516 318 25
516 14 7
999 938 19
999 847 93
343 699 33
343 810 28
343 757 77
699 1 76
699 142 22
462 614 32
462 14 77
462 763 3
708 809 68
708 534 44
397 935 99
397 354 31
397 915 29
935 426 95
383 884 19
383 287 44
467 173 1
467 685 88
467 684 25
340 809 44
340 28 16
809 500 42
99 760 52
99 972 50
99 203 68
437 960 68
662 829 33
662 278 86
662 810 99
662 243 91
829 394 95
829 77 5
829 852 27
434 593 38
434 395 82
434 726 95
593 334 65
593 133 73
593 766 16
409 24 68
409 620 34
913 243 92
422 884 34
422 213 56
884 574 42
884 83 59
884 299 33
140 640 66
140 147 48
640 117 76
560 736 33
560 394 40
648 230 67
648 123 13
464 743 90
709 846 37
709 727 7
651 546 56
895 337 14
895 354 71
38 714 84
38 331 38
38 741 37
38 731 78
714 451 98
714 301 65
714 622 44
845 142 56
845 853 35
5 42 39
5 614 52
5 817 2
5 489 53
42 366 97
42 976 4
42 988 20
507 783 33
507 818 18
507 163 47
783 578 40
783 199 56
783 144 24
354 753 45
156 970 32
156 203 31
156 173 10
156 230 24
970 840 31
145 323 71
145 756 42
145 294 49
145 384 39
323 76 96
323 686 54
163 228 29
163 135 54
228 361 43
346 288 68
346 625 53
346 879 67
346 702 48
178 994 5
178 892 59
994 406 28
994 681 43
487 697 81
487 201 16
487 45 81
697 995 34
395 916 40
170 211 87
472 983 46
472 971 57
472 167 57
983 98 55
983 139 14
983 567 73
983 243 12
419 274 74
419 261 12
98 573 14
729 389 35
751 892 27
751 798 81
751 576 12
892 66 36
892 765 33
318 52 38
318 453 77
318 590 36
750 418 64
750 766 28
731 984 96
731 619 99
846 493 71
846 112 24
819 891 42
819 417 72
925 406 99
925 931 40
301 416 31
500 757 52
757 213 88
386 817 39
386 780 39
810 423 92
810 874 79
734 165 72
734 578 56
734 543 57
830 16 51
203 54 74
125 412 79
125 26 65
125 101 69
175 853 20
175 443 40
175 45 36
853 186 14
606 835 82
741 988 97
890 602 5
139 300 2
266 766 40
266 135 67
535 841 75
535 918 57
535 953 75
535 8 21
917 972 94
917 966 44
130 186 29
130 984 98
602 841 98
602 787 9
331 202 97
331 435 61
747 512 97
747 162 52
182 931 86
427 307 93
798 972 10
798 473 3
111 280 57
420 415 40
120 332 91
400 320 13
400 763 41
165 22 52
278 533 81
278 249 82
202 211 14
202 886 17
907 159 68
907 927 49
836 345 47
530 638 82
530 885 11
743 587 9
743 274 57
756 469 96
261 869 37
261 153 4
968 656 85
968 244 72
24 927 42
24 180 33
384 572 97
384 586 86
384 205 99
572 332 69
572 866 47
572 633 3
455 123 33
217 199 27
966 264 14
112 52 64
733 274 19
143 685 83
143 357 20
859 417 86
859 574 90
673 633 94
673 61 72
0 817 6
0 244 45
0 566 79
211 435 5
211 28 91
818 171 81
818 249 14
702 209 37
766 879 24
879 14 20
537 939 67
157 793 64
157 586 13
488 498 68
488 237 81
498 126 73
498 117 6
498 939 63
891 199 51
891 295 71
916 126 82
916 770 90
103 656 3
103 385 72
103 980 71
103 320 13
656 586 43
141 948 81
141 402 60
948 396 55
90 509 7
869 985 76
869 852 51
985 142 13
985 569 44
614 201 99
41 294 75
300 126 14
622 8 36
415 457 93
45 706 6
435 304 55
521 773 84
521 118 50
773 85 87
773 615 88
773 22 77
326 534 34
326 159 20
326 529 61
672 959 44
196 833 80
196 385 57
833 927 50
833 243 66
833 781 38
451 993 90
451 299 33
451 952 32
637 159 57
637 647 70
366 625 42
366 647 55
284 573 33
284 840 12
284 147 83
573 459 15
578 37 59
471 971 98
543 901 32
513 638 15
513 564 58
638 109 97
949 915 40
949 52 79
949 633 66
825 371 23
235 922 35
235 212 71
235 959 93
235 586 72
922 28 73
770 295 98
396 288 58
406 546 32
288 883 14
358 963 94
358 728 92
389 719 68
389 133 2
126 567 47
854 911 73
854 893 25
854 650 21
457 554 31
457 953 11
105 320 69
952 963 50
952 96 61
952 726 1
952 815 60
963 171 25
591 953 63
591 190 27
976 858 45
642 574 61
642 684 93
642 116 59
357 753 67
753 767 81
767 144 59
767 803 53
443 569 31
443 336 61
569 423 39
685 900 4
311 625 21
719 483 86
719 746 95
896 900 30
896 914 34
726 16 54
726 686 36
50 528 36
50 361 68
283 822 35
822 171 48
822 746 69
213 686 71
939 953 41
939 765 28
1 460 94
786 84 10
972 336 68
972 299 31
373 294 96
334 567 66
416 815 51
416 391 23
416 931 5
66 670 11
670 345 81
670 135 33
670 117 47
988 706 39
744 758 62
744 914 47
744 538 71
212 877 40
212 746 5
212 803 39
209 840 73
209 53 50
72 186 21
253 564 67
253 22 42
199 911 56
911 938 57
473 885 14
473 37 99
885 453 89
885 238 3
885 681 84
590 371 18
590 470 32
133 779 72
538 763 57
538 525 35
538 858 49
159 852 7
459 408 67
650 233 42
30 684 87
84 570 74
570 158 3
162 489 10
162 320 40
489 238 80
610 214 67
186 720 26
180 483 68
123 686 61
240 728 28
469 960 87
469 109 100
280 306 85
118 915 66
706 385 36
533 841 94
394 780 2
54 525 23
460 647 100
460 116 39
587 787 73
587 345 78
385 722 12
385 633 84
345 728 60
574 16 49
251 28 21
37 493 37
554 68 33
53 201 26
135 877 44
16 737 46
737 746 33
984 453 4
205 995 76
205 615 55
147 781 87
73 960 22
728 847 47
85 268 56
615 883 5
883 630 20
980 391 89
295 993 43
287 576 39
758 294 70
483 528 71
483 244 38
238 28 87
528 244 31
528 493 99
391 566 40
566 630 58
765 249 79
858 268 43
294 567 67
268 237 42
361 470 79
361 371 67
361 681 95
237 720 41
237 553 2
408 720 27
567 153 36
553 787 64
546 190 7
