1000 2500
351 721 47
351 118 76
351 67 13
351 117 74
351 646 53
721 316 75
721 367 4
721 634 84
721 387 87
83 412 68
83 964 89
83 739 38
83 905 2
83 41 77
412 231 71
412 141 35
412 883 45
412 312 5
521 903 33
521 490 29
521 474 60
521 688 10
521 350 21
903 143 97
903 375 48
903 120 65
903 582 36
47 80 16
47 448 74
47 261 1
47 308 58
47 828 95
80 632 33
80 644 100
80 947 7
80 485 42
357 651 10
357 233 20
357 722 1
357 977 92
357 711 74
651 828 81
651 286 48
651 743 85
651 876 53
406 427 69
406 381 37
406 850 14
406 62 91
406 524 42
427 871 71
427 840 85
427 587 90
427 76 10
731 978 22
731 738 37
731 926 42
731 719 62
731 173 11
978 310 74
978 995 66
978 239 22
978 73 73
188 879 36
188 393 51
188 694 65
188 11 4
188 228 91
879 107 53
879 282 58
879 907 41
879 203 35
480 987 56
480 856 42
480 248 15
480 486 61
480 662 54
987 379 66
987 495 4
987 254 87
987 993 37
350 877 40
350 579 80
350 702 2
350 106 49
877 429 5
877 900 27
877 297 55
877 473 24
81 981 83
81 608 28
81 333 28
81 897 49
81 35 23
981 720 55
981 269 55
981 548 2
981 377 100
28 597 30
28 581 60
28 616 1
28 575 20
28 231 83
597 54 69
597 815 28
597 82 48
597 819 34
157 482 31
157 848 58
157 598 38
157 24 92
157 922 81
482 888 62
482 625 12
482 25 6
482 416 35
858 938 62
858 735 83
858 190 59
858 565 75
858 596 90
938 864 72
938 660 35
938 558 21
938 896 9
17 179 98
17 461 78
17 9 90
17 596 68
17 586 13
179 669 57
179 206 7
179 915 18
179 390 35
42 352 76
42 644 47
42 725 47
42 527 12
42 110 43
352 319 96
352 671 34
352 94 99
352 560 25
10 54 4
10 538 35
10 619 44
10 95 60
10 229 22
54 121 1
54 389 70
54 382 62
690 716 83
690 163 36
690 926 82
690 76 56
690 466 79
716 554 7
716 737 72
716 230 57
716 98 67
668 814 2
668 115 22
668 982 23
668 706 65
668 471 64
814 93 52
814 312 19
814 943 97
814 773 99
137 769 18
137 206 73
137 440 4
137 896 85
137 4 1
769 349 48
769 277 17
769 756 39
769 591 51
660 810 47
660 189 38
660 363 59
660 895 3
810 113 11
810 98 66
810 342 79
810 904 93
129 914 44
129 518 16
129 69 78
129 248 46
129 96 55
914 686 100
914 454 65
914 902 90
914 491 78
40 836 34
40 430 19
40 321 41
40 20 8
40 123 71
836 253 38
836 198 39
836 531 76
836 365 77
195 859 16
195 518 16
195 898 58
195 330 60
195 837 27
859 671 63
859 848 55
859 960 91
859 557 22
578 740 39
578 797 44
578 342 30
578 402 39
578 686 69
740 410 89
740 434 7
740 725 84
740 979 90
608 79 94
608 458 44
608 661 16
608 517 65
581 931 79
581 867 69
581 902 39
581 208 44
931 101 64
931 697 68
931 358 83
931 999 33
293 607 85
293 414 96
293 29 12
293 801 26
293 532 77
607 936 47
607 309 38
607 206 25
607 755 50
446 886 69
446 567 95
446 316 9
446 86 67
446 335 18
886 724 24
886 699 24
886 336 1
886 694 31
130 995 69
130 590 54
130 683 61
130 275 36
130 302 50
995 389 67
995 916 93
995 118 50
621 967 11
621 641 18
621 765 67
621 339 3
621 748 8
967 933 59
967 539 83
967 575 10
967 601 14
78 719 67
78 136 99
78 225 90
78 747 88
78 989 32
719 496 4
719 946 71
719 218 86
101 900 60
101 73 94
101 849 71
101 947 31
444 925 54
444 497 46
444 386 75
444 190 51
444 504 23
925 869 62
925 196 49
925 757 100
925 577 97
290 867 36
290 280 87
290 499 33
290 642 25
290 151 53
867 492 19
867 97 45
867 468 30
252 346 81
252 99 75
252 417 14
252 25 22
252 299 53
346 623 97
346 900 71
346 959 97
346 520 3
253 386 40
253 451 39
253 588 18
253 196 2
869 209 99
869 41 87
869 124 70
869 424 66
185 701 49
185 415 15
185 231 91
185 518 28
185 795 67
701 614 53
701 545 91
701 764 1
701 588 39
0 247 17
0 799 87
0 585 18
0 478 35
0 324 99
247 986 82
247 634 46
247 847 83
247 41 25
278 749 50
278 771 53
278 453 13
278 535 87
278 256 34
749 932 33
749 203 4
749 620 21
749 964 65
124 691 43
124 758 90
124 564 54
124 370 92
691 669 73
691 344 53
691 96 82
691 491 32
394 960 52
394 808 31
394 163 52
394 167 2
394 946 12
960 77 68
960 714 43
960 219 73
93 703 24
93 882 6
93 653 5
93 681 3
703 373 88
703 481 78
703 817 67
703 365 78
720 794 93
720 294 13
720 170 41
720 936 78
105 714 41
105 681 15
105 955 4
105 695 100
105 949 78
714 70 81
714 161 22
714 272 63
127 287 24
127 53 91
127 280 1
127 138 16
127 299 81
287 331 98
287 27 56
287 599 50
287 525 95
126 242 57
126 166 72
126 255 23
126 910 72
126 8 21
242 915 81
242 309 7
242 448 4
242 34 98
198 347 97
198 303 18
198 450 47
198 381 33
347 297 3
347 658 88
347 376 39
347 146 8
423 694 46
423 950 76
423 874 77
423 21 19
423 473 34
694 452 73
694 331 98
163 246 34
163 904 21
163 543 89
246 855 83
246 361 70
246 802 45
246 310 66
84 102 26
84 776 41
84 952 3
84 944 50
84 420 70
102 192 74
102 532 56
102 171 1
102 269 81
856 843 56
856 976 29
856 966 44
856 609 66
321 603 45
321 288 61
321 530 68
321 204 33
603 234 75
603 117 93
603 781 69
603 924 96
433 744 81
433 259 83
433 341 12
433 49 93
433 490 51
744 219 98
744 760 62
744 189 8
744 323 27
776 322 16
776 756 32
776 120 48
776 799 98
183 489 78
183 524 82
183 917 64
183 38 73
183 542 75
489 51 66
489 552 27
489 43 98
489 557 86
209 627 58
209 448 39
209 30 5
209 683 94
627 25 81
627 642 3
627 828 36
627 390 35
518 732 90
518 248 22
233 984 57
233 469 89
233 107 83
233 574 66
984 951 5
984 801 89
984 945 74
984 880 85
69 238 64
69 870 50
69 726 67
69 549 51
238 870 2
238 95 35
238 301 81
238 390 42
57 758 49
57 271 22
57 634 55
57 262 93
57 504 40
758 483 33
758 384 21
758 824 40
173 295 70
173 551 100
173 269 52
173 125 13
295 890 100
295 968 49
295 726 63
295 827 63
70 548 7
70 862 11
70 37 46
70 570 90
548 318 90
548 957 52
548 652 50
154 956 11
154 670 31
154 38 41
154 940 60
154 868 26
956 817 5
956 72 87
956 819 10
956 652 63
268 712 1
268 754 50
268 94 75
268 277 21
268 509 10
712 792 3
712 210 20
712 652 44
712 854 46
898 965 88
898 265 88
898 511 35
898 77 17
965 431 51
965 643 65
965 778 22
965 392 62
168 445 6
168 592 75
168 683 56
168 463 83
168 763 42
445 804 24
445 465 37
445 16 32
445 696 33
437 490 47
437 418 82
437 450 4
437 479 91
437 222 83
490 980 79
490 922 29
97 830 89
97 306 91
97 217 79
97 497 81
830 388 88
830 617 76
830 533 90
830 727 50
735 733 67
735 481 61
735 612 34
735 537 11
205 629 78
205 576 2
205 400 78
205 191 39
205 449 23
629 26 76
629 846 44
629 419 30
629 841 17
514 710 62
514 494 72
514 792 60
514 61 4
514 237 72
710 264 71
710 324 3
710 652 62
710 55 1
838 950 18
838 894 9
838 751 4
838 390 55
838 341 49
950 988 19
950 366 13
950 682 14
333 211 90
333 376 82
333 267 67
333 116 6
82 823 37
82 296 64
82 586 4
82 544 78
823 675 83
823 637 26
823 9 84
823 29 15
353 383 85
353 661 100
353 271 62
353 218 20
353 941 40
383 282 35
383 125 19
383 158 84
383 479 21
538 89 59
538 730 90
538 374 60
538 421 41
156 592 10
156 465 69
156 149 78
156 547 72
156 704 88
592 58 97
592 378 11
592 291 51
483 715 27
483 917 57
483 641 20
483 798 69
122 599 62
122 59 24
122 583 50
122 726 62
122 39 56
599 187 25
599 141 31
599 67 63
883 957 49
883 270 94
883 435 35
883 942 71
957 192 16
957 906 88
957 634 68
66 326 76
66 955 66
66 385 34
66 528 37
66 817 54
326 447 58
326 547 65
326 439 33
326 804 75
164 861 7
164 818 49
164 18 92
164 144 16
164 232 89
861 411 66
861 123 36
861 77 65
861 797 5
220 384 2
220 73 39
220 319 97
220 994 47
220 832 21
384 748 79
384 367 8
384 187 55
370 966 75
370 625 13
370 746 17
370 344 53
966 200 61
966 881 61
966 764 66
53 997 87
53 986 72
53 747 50
53 881 27
89 420 100
89 667 49
89 588 30
89 415 60
457 705 83
457 930 88
457 798 25
457 389 44
457 693 90
705 550 50
705 381 35
705 880 12
705 672 83
579 443 99
579 361 64
579 56 29
579 120 70
206 676 85
206 953 50
141 734 63
141 297 94
141 162 60
734 213 35
734 964 48
734 27 79
734 976 11
3 800 69
3 678 68
3 624 28
3 507 14
3 972 100
800 870 22
800 874 16
800 98 10
800 425 73
135 919 84
135 568 95
135 338 64
135 285 54
135 473 71
919 459 65
919 324 38
919 201 30
919 298 99
301 988 5
301 125 100
301 895 65
301 270 4
988 2 6
988 913 5
988 41 65
841 852 98
841 14 63
841 922 20
841 296 71
852 158 32
852 526 37
852 58 38
852 926 75
58 131 44
58 484 87
58 918 34
50 359 52
50 580 58
50 216 9
50 364 36
50 463 34
359 100 38
359 2 8
359 189 32
359 620 54
140 890 59
140 405 1
140 85 53
140 789 87
140 646 27
890 221 20
890 669 68
890 432 35
111 863 42
111 531 54
111 118 46
111 397 77
111 32 2
863 171 95
863 193 51
863 368 68
863 600 43
895 908 72
895 745 95
895 211 25
908 722 96
908 473 75
908 31 30
908 905 59
686 992 80
686 670 34
686 535 78
431 953 52
431 835 87
431 552 9
431 961 81
953 540 74
953 998 44
953 165 90
400 557 7
400 417 35
400 815 13
400 676 98
557 374 8
557 582 58
172 284 31
172 45 53
172 108 3
172 204 23
172 336 31
284 470 9
284 428 10
284 128 24
284 766 6
430 471 45
430 110 24
430 223 13
430 393 18
618 672 44
618 505 63
618 809 64
618 851 35
618 962 15
672 522 35
672 251 15
672 598 57
276 792 3
276 496 38
276 653 49
276 435 11
276 811 69
792 531 1
792 474 79
681 52 93
681 675 80
681 729 79
628 685 31
628 806 22
628 468 36
628 804 62
628 785 51
685 275 98
685 941 71
685 495 31
685 100 6
980 503 94
980 447 59
980 922 49
980 791 18
492 532 10
492 67 60
492 376 65
492 639 77
532 739 90
532 422 38
915 528 89
915 559 77
915 409 15
825 970 3
825 804 85
825 515 45
825 112 79
825 77 41
970 4 76
970 49 81
970 234 40
970 249 34
584 615 86
584 905 46
584 851 43
584 994 26
584 144 43
615 674 92
615 619 63
615 23 10
615 555 31
19 757 72
19 360 82
19 385 65
19 409 33
19 222 35
757 831 39
757 724 47
757 541 11
454 26 11
454 204 93
454 36 17
454 640 53
262 335 13
262 435 22
262 452 79
262 573 75
335 503 84
335 11 99
335 928 69
265 413 93
265 736 53
265 893 16
265 698 76
366 148 78
366 458 39
366 240 85
366 971 44
189 759 21
189 56 95
759 459 69
759 845 81
759 405 2
759 717 21
281 613 16
281 103 97
281 182 68
281 488 82
281 974 6
613 812 34
613 648 13
613 558 42
613 125 40
806 305 8
806 166 8
806 169 95
806 659 37
634 737 10
737 534 94
737 742 9
737 115 4
410 992 50
410 566 95
410 847 98
410 791 50
992 848 8
992 425 84
992 779 11
636 846 68
636 822 100
636 315 71
636 522 25
636 657 38
846 477 37
846 327 45
846 952 65
848 345 97
848 428 44
319 780 25
319 170 44
319 51 43
409 920 90
409 777 28
409 315 12
920 525 32
920 471 87
920 748 98
920 998 96
811 963 89
811 945 99
811 46 55
811 617 89
963 114 24
963 90 18
963 499 3
963 103 55
68 361 91
68 943 47
68 393 12
68 60 29
68 833 46
361 51 14
361 131 3
440 498 9
440 808 48
440 875 72
440 973 55
498 211 30
498 239 83
498 724 31
498 20 45
237 813 51
237 696 91
237 586 28
237 291 10
813 866 52
813 493 70
813 214 2
813 803 6
71 372 39
71 738 48
71 596 62
71 921 9
71 436 75
372 573 70
372 315 63
372 899 38
372 496 17
420 606 90
420 717 52
420 395 88
398 501 45
398 455 24
398 436 94
398 428 89
398 862 22
501 782 64
501 250 6
501 885 7
501 332 90
563 834 32
563 388 85
563 55 83
563 972 26
563 515 71
834 868 78
834 160 87
834 849 47
834 176 50
169 678 8
169 900 33
169 546 60
169 395 43
678 985 4
678 328 46
678 132 4
243 478 3
243 74 45
243 187 100
243 979 36
243 200 91
478 311 57
478 794 84
478 784 72
26 983 53
26 892 52
26 64 50
555 979 17
555 197 26
555 865 1
555 273 39
979 550 14
979 241 71
549 670 1
549 88 11
549 573 12
549 191 24
670 6 22
670 839 37
306 912 20
306 594 29
306 271 70
306 853 41
912 36 20
912 561 18
912 228 14
912 820 19
251 604 88
251 88 99
251 64 24
251 930 17
604 138 4
604 918 82
604 116 59
604 241 92
87 990 75
87 807 67
87 32 24
87 416 92
87 249 17
990 934 39
990 766 98
990 843 9
990 924 69
216 875 26
216 18 95
216 969 79
216 530 74
875 181 95
875 773 15
875 901 3
18 595 54
18 399 28
18 60 83
997 442 27
997 32 73
997 65 63
997 803 47
186 623 74
186 227 2
186 138 68
186 296 40
186 873 94
623 523 70
623 964 68
623 781 92
196 524 40
196 424 32
196 891 53
524 373 39
524 436 32
894 123 90
894 688 72
894 574 91
894 617 70
475 842 13
475 590 25
475 844 28
475 415 8
475 33 28
842 609 90
842 816 72
842 558 27
842 982 70
610 658 16
610 224 46
610 342 98
610 891 27
610 470 24
658 500 48
658 344 19
658 441 6
609 419 58
609 113 96
609 114 59
187 704 47
187 679 54
704 104 50
704 561 91
704 989 11
302 425 71
302 240 24
302 72 29
302 367 69
425 994 77
425 303 47
49 999 47
49 360 97
49 882 17
999 174 68
999 85 90
999 767 82
775 874 52
775 313 97
775 73 54
775 635 31
775 318 100
874 872 66
874 743 20
812 515 2
812 244 93
812 225 39
812 226 67
190 407 36
190 699 45
190 677 85
158 497 18
158 525 94
158 958 56
497 438 77
497 707 52
805 982 11
805 787 52
805 486 14
805 933 67
805 277 16
982 456 86
982 65 88
174 416 16
174 870 25
174 279 80
174 513 83
817 455 22
817 666 54
723 949 66
723 325 3
723 466 91
723 669 2
723 713 28
949 254 84
949 316 99
949 393 34
280 391 62
280 888 57
280 650 66
152 602 88
152 547 60
152 849 24
152 422 2
152 819 98
602 377 81
602 108 53
602 655 82
602 76 7
794 13 49
794 429 96
794 709 95
304 736 94
304 637 89
304 550 92
304 862 100
304 313 71
736 729 66
736 820 14
736 654 35
107 945 37
107 452 38
107 45 87
945 748 73
945 159 54
470 768 12
470 421 30
470 522 60
768 181 37
768 941 78
768 386 5
768 752 62
355 638 52
355 641 17
355 906 67
355 961 18
355 222 45
638 55 75
638 461 63
638 6 35
638 952 64
192 510 51
192 891 44
192 802 40
32 133 60
32 432 32
133 533 37
133 407 85
133 266 56
133 214 37
590 661 62
590 175 36
590 453 26
13 816 31
13 543 43
13 891 19
13 507 71
461 655 62
461 199 27
461 904 98
655 556 44
655 619 1
655 901 42
300 558 67
300 162 11
300 586 11
300 556 70
300 165 76
558 929 67
487 564 14
487 272 72
487 556 98
487 559 3
487 481 31
564 537 78
564 968 42
564 962 5
143 617 39
143 512 23
143 224 75
143 722 99
585 727 100
585 642 49
585 907 15
585 682 42
727 790 29
727 39 60
727 554 62
136 798 32
136 79 77
136 59 47
136 948 72
505 707 12
505 533 42
505 439 15
505 770 25
455 422 38
455 745 20
455 921 60
227 929 3
227 909 49
227 766 69
227 460 58
754 274 40
754 369 7
754 679 4
754 580 46
20 689 40
20 494 54
20 630 90
689 761 18
689 103 83
689 229 27
689 910 74
529 795 5
529 755 74
529 544 47
529 115 19
529 451 100
795 843 25
795 264 38
795 540 37
880 909 7
880 696 29
880 948 27
909 695 69
909 317 80
909 334 2
4 43 28
4 294 80
4 273 3
43 386 83
43 751 30
43 138 2
661 271 77
661 789 84
388 774 54
388 74 85
388 506 46
818 606 57
818 223 64
818 48 82
818 577 40
12 312 85
12 632 26
12 182 55
12 596 5
12 441 25
312 160 75
312 801 31
55 911 39
55 22 69
911 331 87
911 67 17
911 626 83
911 92 15
343 906 46
343 292 65
343 976 22
343 491 80
343 614 91
906 958 76
906 876 32
177 379 86
177 667 49
177 833 78
177 738 26
177 828 96
379 283 19
379 48 97
379 476 26
217 272 10
217 274 76
217 180 43
217 733 89
272 283 17
272 946 30
214 904 42
214 382 95
214 374 66
904 200 59
86 755 44
86 338 1
86 593 16
86 493 65
755 231 77
755 403 14
511 52 25
511 345 2
511 785 77
511 283 62
41 513 70
150 367 44
150 614 57
150 724 49
150 408 89
150 224 51
367 972 88
761 820 76
761 552 28
761 113 25
761 622 3
554 523 94
554 504 41
554 881 79
197 707 25
197 432 37
197 666 75
197 22 17
707 36 48
707 747 53
313 208 56
313 496 74
313 741 48
952 656 71
952 159 54
79 600 51
79 294 73
79 959 80
339 647 95
339 951 14
339 778 18
339 369 37
647 39 8
647 99 61
647 916 53
647 763 80
459 600 20
459 932 93
459 929 58
600 210 83
600 829 50
211 664 40
211 998 8
292 30 89
292 687 82
292 106 39
292 868 77
583 635 49
583 659 58
583 917 64
583 45 32
635 512 93
635 866 82
635 236 14
447 711 55
447 680 84
447 516 81
711 208 47
711 458 95
711 783 55
943 224 63
943 1 31
943 449 80
112 232 67
112 332 7
112 591 27
112 481 72
232 746 85
232 837 11
232 796 46
52 855 100
52 364 76
52 178 77
855 849 22
855 624 63
855 958 66
88 793 49
88 477 34
88 845 8
234 507 68
234 310 2
234 885 64
932 612 98
932 200 41
932 320 70
283 356 16
283 484 45
576 327 90
576 889 85
576 934 5
576 639 76
816 568 40
816 193 48
816 662 6
264 774 87
264 756 23
264 674 79
774 325 14
774 520 5
774 631 79
166 404 27
166 517 90
166 277 30
573 983 85
573 260 79
184 373 53
184 22 35
184 786 38
184 24 75
184 250 78
373 128 27
373 977 25
403 560 17
403 75 46
403 108 64
403 323 88
560 441 85
560 439 62
560 402 49
575 752 55
575 622 32
575 916 14
752 244 20
752 257 58
752 567 51
479 964 52
479 537 6
479 671 97
781 857 8
781 155 51
781 348 91
857 318 51
857 679 12
857 85 36
857 60 100
870 7 95
6 106 34
6 530 77
6 257 75
106 266 21
106 226 76
523 741 21
523 652 62
523 258 81
741 864 23
741 202 14
741 235 50
469 770 83
469 364 29
469 829 9
469 840 59
770 500 53
770 582 95
770 693 28
748 387 17
219 746 27
219 649 8
219 439 31
868 270 51
868 656 68
311 598 3
311 962 87
311 845 25
311 472 59
598 341 35
598 947 89
631 954 91
631 484 29
631 182 23
631 553 68
954 500 37
954 765 62
954 147 4
954 941 19
131 222 41
131 33 98
131 151 30
222 847 75
697 899 85
697 228 14
697 29 43
697 286 21
899 593 69
899 687 92
899 753 94
641 103 4
641 465 81
288 551 78
288 821 11
288 516 64
288 958 78
551 275 98
551 698 27
551 145 69
356 59 61
356 860 26
356 567 62
356 200 7
305 640 20
305 260 75
305 844 69
305 648 17
640 502 40
640 334 46
640 279 29
432 927 18
432 783 68
824 939 9
824 534 6
824 14 1
824 882 67
939 134 52
939 974 8
939 907 61
939 476 97
418 946 82
418 193 27
418 34 53
418 942 43
329 588 22
329 257 23
329 624 20
329 46 34
329 178 88
588 743 7
450 167 10
450 132 17
450 916 1
738 562 57
738 463 21
533 317 37
533 779 61
392 793 29
392 397 9
392 873 16
392 25 27
793 566 16
793 969 90
793 896 26
771 940 72
771 840 32
771 404 9
771 506 65
14 611 11
14 649 14
14 320 17
527 572 12
527 663 88
527 787 62
527 441 34
572 121 26
572 22 81
572 254 81
572 542 99
657 947 6
657 937 88
657 897 54
657 225 12
947 235 67
625 506 53
625 92 48
625 76 9
103 907 69
341 653 100
341 153 12
452 414 58
452 44 38
648 619 77
648 401 70
648 866 55
900 675 18
933 843 85
933 708 62
933 65 15
799 29 3
799 750 75
799 751 14
417 593 34
417 421 21
417 7 31
593 451 35
593 476 18
484 503 83
484 358 88
503 715 34
503 537 77
182 730 95
182 786 96
2 307 13
2 973 91
2 500 90
203 309 52
203 322 18
203 587 63
746 539 39
746 764 76
605 649 72
605 929 82
605 822 78
605 307 2
605 60 22
649 104 93
649 191 28
468 760 33
468 9 82
468 833 86
760 788 50
760 550 85
760 664 60
871 767 33
871 743 30
871 700 80
871 15 61
780 683 39
780 791 77
780 936 28
780 559 89
325 860 19
325 249 14
325 923 95
860 240 4
860 134 88
860 364 27
210 644 85
210 8 32
210 436 59
644 831 51
644 725 65
787 228 46
787 75 93
787 466 21
788 656 11
788 263 92
788 565 58
788 633 39
139 175 6
139 840 29
139 236 11
139 998 59
139 250 63
175 378 67
175 336 82
175 109 42
847 659 77
847 273 77
199 226 33
199 642 14
199 884 64
199 255 62
226 456 54
226 115 56
671 257 41
671 225 79
882 798 53
882 11 93
456 934 61
456 371 11
456 534 44
934 643 38
934 90 36
121 297 47
121 972 87
121 973 83
22 33 72
134 362 85
134 23 76
134 368 72
362 567 42
362 485 3
362 499 69
362 96 95
405 851 18
405 676 78
405 725 43
318 442 43
318 231 6
397 235 52
397 742 65
397 878 59
309 930 21
309 865 60
245 872 94
245 753 90
245 764 40
245 36 17
245 493 36
872 921 31
872 996 90
872 926 62
620 887 66
620 553 40
620 34 9
128 961 21
128 411 58
128 435 40
961 249 66
961 927 21
202 910 78
202 308 26
202 299 11
202 763 46
910 310 33
910 96 67
85 595 62
85 819 61
520 927 15
520 477 9
520 282 83
927 687 98
927 589 3
496 803 84
331 363 63
331 751 20
259 663 10
259 698 4
259 74 46
259 639 30
663 897 82
663 30 90
663 687 9
91 261 94
91 256 16
91 67 94
91 35 72
91 404 9
261 146 49
261 536 99
261 715 26
39 888 36
39 892 100
888 61 26
888 29 66
500 212 79
594 802 17
594 873 23
594 918 43
594 728 64
413 809 94
413 358 74
413 763 6
413 151 13
698 826 18
698 104 30
826 753 13
826 317 18
826 534 78
826 30 4
191 235 13
191 424 64
235 153 50
114 918 99
114 248 52
114 176 73
918 637 71
937 901 59
937 99 2
937 92 15
937 935 3
113 307 95
113 673 7
393 21 11
257 531 45
249 298 75
955 5 71
955 722 40
955 709 12
936 467 68
936 739 42
46 411 75
46 832 58
46 789 9
411 896 49
411 536 61
51 258 34
51 260 88
307 940 38
307 458 36
940 56 6
940 336 82
568 545 31
568 522 42
568 645 49
632 194 47
632 684 51
632 885 15
275 728 96
275 208 82
728 975 31
728 666 82
728 595 67
844 885 36
844 646 34
844 31 100
885 377 37
416 314 30
416 241 17
798 531 18
23 145 74
23 713 53
23 614 18
194 510 34
194 116 83
194 371 76
194 772 6
510 742 46
510 15 33
510 944 20
502 626 90
502 718 66
502 996 64
502 485 44
626 682 12
626 541 63
626 358 74
35 108 60
35 808 13
35 512 53
108 991 75
297 717 88
426 753 85
426 700 100
426 291 99
426 924 58
426 519 47
753 332 83
73 702 28
38 119 30
38 905 5
38 645 100
119 679 4
119 315 69
119 815 38
119 401 51
849 662 4
100 832 46
100 750 42
100 178 27
831 591 8
831 414 76
831 797 76
147 928 25
147 207 91
147 983 46
147 662 65
928 391 54
928 790 74
928 854 30
742 994 26
742 132 10
994 993 42
494 345 44
494 971 22
494 181 6
525 996 27
525 782 13
996 266 82
996 535 35
851 717 60
851 476 83
144 630 63
144 665 35
144 230 97
630 391 37
630 314 73
630 415 31
843 387 72
808 204 90
808 530 68
804 840 1
614 229 50
929 104 63
471 845 26
471 8 30
722 472 93
193 298 83
193 958 42
298 8 47
298 517 18
75 508 69
75 279 27
75 528 96
508 354 28
508 941 12
508 866 55
508 616 94
279 552 50
279 611 68
709 974 25
709 789 20
709 170 47
974 571 71
974 33 94
266 215 52
266 762 100
633 835 88
633 951 29
633 27 36
633 569 92
835 991 27
835 48 28
835 786 80
606 873 60
606 385 52
606 330 95
765 162 95
765 61 27
765 256 62
63 161 100
63 229 39
63 562 60
63 696 23
63 586 4
161 303 18
161 673 21
161 407 95
349 667 98
349 371 98
349 31 17
349 286 89
667 442 73
667 948 63
92 453 59
92 569 13
453 821 7
453 526 50
270 368 93
270 779 32
415 876 68
99 986 55
99 62 15
986 160 31
986 696 32
110 241 45
110 380 79
110 462 100
241 98 37
314 998 88
314 892 100
314 274 13
687 971 68
637 296 30
637 921 18
809 59 18
809 324 53
809 258 17
619 829 72
360 654 67
360 679 45
360 24 80
263 577 98
263 971 84
263 286 6
263 145 35
577 244 42
577 659 45
822 118 76
822 959 42
822 850 69
118 747 54
747 327 79
382 942 78
382 467 24
382 401 8
942 878 9
942 464 61
424 530 9
424 675 24
317 404 82
317 574 66
404 212 43
5 109 21
5 893 25
5 718 59
5 646 3
375 474 41
375 221 69
375 422 80
375 215 65
683 790 23
790 745 24
790 878 61
148 544 28
148 569 11
148 582 68
148 718 36
303 827 31
303 766 54
322 784 46
322 221 95
322 155 32
784 571 54
784 993 53
784 271 65
552 328 34
399 887 51
399 244 71
399 308 24
399 31 43
887 408 41
887 236 57
887 269 71
291 796 80
291 700 61
796 56 21
796 839 25
796 378 37
646 983 42
571 850 97
571 968 33
571 308 15
850 884 35
850 536 43
702 160 74
702 176 48
702 574 56
715 149 25
715 930 27
653 155 76
653 180 52
160 884 80
37 507 39
37 509 48
37 338 48
37 448 89
507 395 94
905 512 33
545 688 76
545 340 7
545 254 38
537 109 77
546 1 31
546 913 45
546 971 36
546 516 98
534 924 75
59 285 32
138 419 69
315 917 73
499 802 93
499 376 22
802 488 84
664 901 37
664 624 82
664 968 27
567 109 90
458 385 32
98 643 55
643 171 94
643 516 75
391 569 39
391 713 86
7 665 4
7 699 81
7 274 63
123 178 20
123 495 51
178 117 34
474 785 100
474 680 63
115 255 73
364 348 2
15 730 1
15 323 50
15 167 15
730 815 22
730 692 20
828 340 43
328 34 44
328 693 72
328 320 52
580 460 86
580 239 24
580 221 46
240 969 48
240 762 50
969 666 60
969 442 61
837 959 22
837 519 92
837 673 100
959 337 38
820 395 87
820 44 76
77 682 25
682 611 40
435 684 91
8 553 68
167 612 2
167 472 94
612 713 59
612 893 100
386 566 60
772 951 44
772 176 49
772 517 26
772 815 93
951 207 20
429 536 40
429 695 69
429 434 12
442 354 7
60 485 33
485 324 21
395 95 26
419 539 56
419 565 57
539 250 36
539 750 59
733 344 76
733 589 90
733 540 44
901 443 98
213 556 10
213 803 12
213 438 19
213 706 38
556 601 11
700 438 43
700 650 30
104 729 95
565 541 35
565 201 85
797 477 30
797 891 54
269 699 66
244 616 29
477 750 68
750 777 57
348 865 18
348 21 42
348 718 21
865 338 76
865 467 63
611 267 88
611 153 55
983 486 70
401 159 9
401 595 89
669 587 89
369 695 19
369 120 51
369 414 7
695 864 93
21 363 85
21 377 65
363 449 31
363 224 20
873 64 24
223 726 93
223 773 24
223 985 61
726 396 83
617 854 48
274 550 40
16 778 82
16 493 44
16 90 27
16 864 51
778 153 20
778 541 1
495 561 56
495 675 28
228 645 93
176 488 93
381 913 89
381 993 15
170 853 68
170 421 84
64 975 89
64 866 2
975 948 85
975 436 21
975 677 24
976 977 86
976 622 38
977 74 42
977 414 7
229 739 69
1 923 60
1 504 55
1 33 90
162 491 71
162 451 89
56 390 73
65 832 96
65 570 17
832 907 24
286 428 56
74 338 61
464 923 3
464 881 45
464 299 28
464 544 64
923 650 26
923 289 98
72 165 21
72 783 24
72 729 5
248 973 18
151 547 30
151 645 31
547 587 77
897 519 20
897 434 26
438 777 14
438 207 25
582 24 65
230 239 18
230 924 88
230 449 56
239 159 3
451 149 81
791 622 84
791 674 52
332 337 60
332 443 66
717 515 38
944 117 31
944 344 58
944 764 51
596 677 47
385 434 46
665 506 20
665 654 37
665 706 80
624 601 50
116 692 39
116 509 84
153 308 38
526 821 97
526 827 21
526 763 72
250 543 15
221 921 84
260 732 43
260 316 82
732 422 91
732 513 11
732 254 47
342 542 15
342 536 26
542 708 94
542 396 12
208 337 50
946 225 38
985 109 87
985 684 73
985 680 84
371 522 45
371 142 85
650 368 82
650 829 11
337 463 47
337 365 75
463 535 96
680 692 78
680 380 53
48 180 75
48 756 21
180 472 14
180 773 72
218 591 64
218 441 2
218 566 8
591 120 51
493 786 14
876 159 8
876 354 38
282 881 74
282 773 3
44 889 77
44 827 99
44 378 63
948 743 87
766 267 74
94 767 37
94 171 34
94 789 100
377 374 7
61 777 73
61 460 7
387 935 67
387 402 36
935 516 63
935 462 34
935 656 18
378 9 31
968 889 64
566 145 59
443 27 78
443 285 75
656 902 100
467 892 38
467 762 6
666 215 81
486 466 95
486 785 11
993 862 78
294 316 88
294 142 56
117 358 74
786 922 98
896 476 94
396 853 21
396 913 23
396 739 96
853 488 77
853 491 13
688 289 62
688 989 49
926 515 93
481 408 4
762 827 23
762 559 44
864 374 29
785 569 99
258 616 55
258 340 62
777 201 34
155 884 15
155 676 49
142 289 36
142 402 43
142 285 29
289 334 8
289 149 88
31 601 65
601 829 89
62 854 83
62 473 68
62 462 74
854 991 38
376 674 71
767 654 72
767 320 87
285 472 78
11 779 8
11 45 16
902 181 56
902 207 67
509 833 44
509 553 51
96 973 63
676 368 5
729 9 1
327 845 24
327 783 93
724 25 84
465 839 43
465 345 100
659 255 1
543 449 12
543 839 49
512 340 79
27 706 40
706 330 76
323 562 30
323 171 15
544 972 87
345 801 17
782 989 71
782 460 47
782 506 38
989 380 32
256 421 63
256 553 81
36 460 27
236 708 3
236 165 33
708 673 37
708 448 96
212 889 76
212 570 85
212 320 91
428 878 20
878 839 33
389 807 59
389 559 33
807 90 29
807 718 75
807 677 26
892 913 97
354 561 52
354 146 89
561 642 43
336 893 89
893 30 71
125 803 48
801 408 40
991 181 59
991 639 54
622 299 88
466 540 53
145 528 100
407 330 61
407 541 30
962 402 6
962 462 22
273 562 95
273 334 55
562 779 88
930 408 26
255 819 92
570 677 4
570 24 35
751 862 60
519 884 9
519 589 27
574 745 40
45 34 85
296 365 63
587 488 42
674 267 52
654 917 75
684 340 79
684 95 80
756 535 93
90 645 5
821 889 93
821 132 25
517 380 97
589 692 6
589 504 78
95 330 66
673 215 38
146 662 64
146 595 41
149 693 17
693 380 10
692 833 17
365 639 39
528 513 66
132 201 16
513 204 81
165 699 92
462 616 2
540 725 90
439 76 42
783 310 76
334 201 97
916 207 27
434 215 17
277 745 47
267 713 86
