2500 6250
773 1533 65
773 1469 3
773 2076 93
773 1395 95
773 92 69
1533 2457 42
1533 745 8
1533 316 76
1533 51 20
847 2236 56
847 795 45
847 1109 76
847 2382 92
847 89 41
2236 81 93
2236 5 19
2236 1060 67
2236 1731 48
1218 1883 85
1218 2450 33
1218 2165 31
1218 1233 42
1218 272 51
1883 568 66
1883 402 93
1883 463 71
1883 1126 59
1691 2332 97
1691 1087 13
1691 1018 43
1691 607 34
1691 1576 95
2332 765 67
2332 1828 9
2332 568 56
2332 2484 3
1121 1950 33
1121 924 75
1121 1107 56
1121 2245 7
1121 1989 63
1950 2246 25
1950 2298 80
1950 1009 47
1950 680 99
610 1771 90
610 873 46
610 2352 77
610 2260 66
610 122 80
1771 1106 31
1771 1916 80
1771 1209 53
1771 62 68
1038 1952 30
1038 480 54
1038 1496 10
1038 1110 95
1038 1834 89
1952 1645 62
1952 1969 93
1952 1269 77
1952 1906 93
1491 2163 14
1491 1434 64
1491 336 20
1491 907 100
1491 1690 43
2163 2309 14
2163 1878 94
2163 1687 27
2163 978 31
115 745 64
115 2275 38
115 1890 22
115 220 44
115 1295 25
745 2352 4
745 1214 53
745 1193 10
302 2032 31
302 2476 100
302 1658 12
302 27 74
302 1459 91
2032 2077 88
2032 1633 13
2032 1355 32
2032 834 41
419 1277 14
419 2345 68
419 214 28
419 1775 2
419 1588 83
1277 166 57
1277 1159 42
1277 1433 2
1277 1364 46
164 233 71
164 281 22
164 707 70
164 1982 4
164 2362 11
233 2305 75
233 1169 81
233 2322 21
233 342 35
1047 2014 60
1047 1816 35
1047 2066 62
1047 1598 77
1047 2466 59
2014 1773 96
2014 862 48
2014 2177 66
2014 1196 51
1762 2225 63
1762 2391 93
1762 343 79
1762 1159 96
1762 805 27
2225 1594 76
2225 1784 84
2225 597 14
2225 2115 46
1509 1779 85
1509 1087 32
1509 630 36
1509 6 2
1509 1744 58
1779 2137 85
1779 1137 9
1779 1052 55
1779 1001 57
108 2031 23
108 1148 36
108 1016 3
108 1559 16
108 257 88
2031 1707 49
2031 2389 25
2031 1385 34
2031 1682 29
28 1742 83
28 1597 24
28 1478 18
28 38 4
28 1947 25
1742 1876 81
1742 1353 71
1742 121 84
1742 1147 21
964 1198 47
964 695 17
964 1129 30
964 822 36
964 145 56
1198 796 7
1198 1357 67
1198 1404 63
1198 272 18
298 1337 15
298 1167 56
298 2134 51
298 877 29
298 561 12
1337 1365 14
1337 1274 94
1337 2068 74
1337 992 45
117 2494 64
117 682 61
117 380 23
117 1165 39
117 1098 42
2494 2105 56
2494 877 17
2494 1820 17
2494 258 31
860 2309 37
860 590 50
860 328 23
860 184 83
860 1941 14
2309 59 96
2309 1734 48
2309 1363 84
428 2386 77
428 625 7
428 1033 79
428 1219 76
428 917 100
2386 1565 91
2386 203 34
2386 2476 76
2386 1513 33
944 1485 60
944 909 70
944 2003 62
944 2422 9
944 1604 61
1485 2000 95
1485 1149 23
1485 83 28
1485 1816 7
290 1927 17
290 851 95
290 900 85
290 1378 80
290 452 28
1927 567 52
1927 1208 2
1927 2389 2
1927 799 100
1435 1722 72
1435 1021 99
1435 810 53
1435 710 58
1435 1159 54
1722 1684 29
1722 2040 99
1722 1733 42
1722 1554 67
559 2317 53
559 2486 68
559 486 72
559 1339 67
559 469 28
2317 971 7
2317 2331 3
2317 1210 5
2317 176 86
1371 1966 93
1371 1128 3
1371 1747 34
1371 468 63
1371 137 61
1966 1535 17
1966 205 74
1966 1461 66
1966 2157 56
118 359 10
118 900 57
118 957 44
118 136 46
118 173 62
359 271 67
359 1174 92
359 1333 11
359 507 50
1563 1907 79
1563 217 23
1563 1258 84
1563 319 95
1563 1988 76
1907 1116 85
1907 777 18
1907 105 57
1907 2375 74
1368 1668 14
1368 1777 59
1368 1898 63
1368 47 92
1368 1615 73
1668 1104 96
1668 2454 36
1668 1414 89
1668 18 36
1302 1314 15
1302 1425 80
1302 2219 11
1302 2045 41
1302 584 37
1314 1005 69
1314 122 44
1314 396 95
1314 1235 5
18 128 9
18 2037 83
18 486 5
18 2424 15
128 1847 80
128 841 86
128 1270 52
128 192 15
2248 2360 89
2248 179 78
2248 471 37
2248 1469 65
2248 1186 70
2360 652 76
2360 2272 21
2360 1620 37
2360 2497 41
12 993 90
12 231 80
12 352 23
12 263 21
12 1444 94
993 713 47
993 219 35
993 673 73
993 299 13
345 644 80
345 555 11
345 2233 90
345 2228 55
345 2452 87
644 2112 12
644 522 92
644 1515 36
644 1396 40
26 2059 76
26 596 27
26 1116 62
26 1916 13
26 734 98
2059 1300 26
2059 151 13
2059 586 11
2059 1811 32
876 2266 34
876 1142 13
876 1203 26
876 1445 12
876 1086 88
2266 127 76
2266 2 42
2266 619 9
2266 1409 8
570 1930 38
570 1661 62
570 139 88
570 1148 93
570 292 57
1930 1422 61
1930 941 88
1930 2196 38
1930 588 50
341 2107 75
341 380 30
341 1827 77
341 900 90
341 1 24
2107 1498 23
2107 2216 9
2107 1780 34
2107 2026 93
198 2287 82
198 33 63
198 2158 72
198 1464 59
198 1022 38
2287 2355 10
2287 842 82
2287 968 15
2287 2054 86
991 1169 36
991 686 62
991 1465 38
991 78 6
991 493 13
1169 2499 59
1169 923 46
1169 1422 5
2357 2424 30
2357 1275 62
2357 2175 83
2357 2244 16
2357 1728 51
2424 176 64
2424 1379 78
2424 1626 82
256 1245 18
256 985 44
256 9 59
256 1936 53
256 33 70
1245 1942 57
1245 1063 8
1245 2466 98
1245 9 21
1146 1982 91
1146 565 42
1146 1667 26
1146 1448 48
1146 1801 99
1982 433 83
1982 1894 43
1982 1151 90
731 1740 66
731 1924 86
731 1261 65
731 2354 46
731 2048 82
1740 1144 51
1740 2380 47
1740 1994 31
1740 313 80
318 1342 39
318 168 55
318 936 4
318 2141 82
318 1591 94
1342 945 9
1342 2416 79
1342 528 8
1342 2121 81
259 2159 53
259 1657 6
259 1471 95
259 1591 22
259 2310 55
2159 174 76
2159 1409 70
2159 390 93
2159 1501 79
1539 1913 30
1539 2095 76
1539 2400 63
1539 193 35
1539 309 90
1913 199 40
1913 2491 37
1913 1114 76
1913 780 21
238 824 48
238 2019 10
238 1459 70
238 577 2
238 774 93
824 1363 49
824 515 31
824 2135 28
824 845 95
56 783 5
56 2463 38
56 914 93
56 1829 91
56 1699 1
783 1713 94
783 699 10
783 1550 10
783 1420 82
112 1587 32
112 2017 73
112 19 78
112 579 23
112 2358 56
1587 462 36
1587 2477 85
1587 370 19
1587 2346 45
838 2216 78
838 1642 34
838 711 70
838 1877 38
838 528 21
2216 2306 94
2216 922 41
2216 1551 7
201 878 24
201 1484 61
201 384 68
201 1611 74
201 1390 87
878 165 56
878 535 51
878 1823 38
878 2377 66
356 671 15
356 457 76
356 2171 5
356 1355 97
356 975 59
671 2284 27
671 1338 38
671 2017 26
671 2495 91
280 2110 74
280 1175 94
280 550 29
280 2069 40
280 2111 58
2110 1726 94
2110 68 79
2110 1953 50
2110 2185 55
239 2072 51
239 265 11
239 1836 49
239 1217 32
239 1459 17
2072 899 40
2072 1698 70
2072 2463 27
2072 2205 76
708 1059 93
708 1247 47
708 1618 99
708 968 52
708 1458 82
1059 1842 28
1059 1976 61
1059 2218 79
1059 1289 56
1711 1737 98
1711 422 40
1711 1775 4
1711 1096 52
1711 1456 44
1737 1171 35
1737 2307 98
1737 794 5
1737 2285 36
269 2180 62
269 1479 80
269 2268 79
269 340 84
269 156 63
2180 2160 13
2180 277 47
2180 2497 7
2180 1839 82
2137 368 31
2137 902 1
2137 2028 85
2137 1887 38
1003 1650 67
1003 2454 2
1003 2432 69
1003 75 33
1003 2422 61
1650 640 82
1650 1099 43
1650 863 90
1650 2330 55
583 1064 76
583 2042 21
583 1275 41
583 2027 94
583 153 6
1064 973 78
1064 675 46
1064 187 34
1064 1869 79
471 594 93
471 1022 2
471 1690 89
471 513 33
594 1970 88
594 674 14
594 1652 78
594 64 17
393 940 23
393 71 91
393 386 49
393 1658 80
393 512 82
940 2000 58
940 2433 81
940 928 74
940 493 67
1415 1631 93
1415 1241 52
1415 2215 30
1415 508 73
1415 270 96
1631 1514 77
1631 1903 83
1631 2455 34
1631 1989 39
277 728 71
277 275 2
277 1754 1
277 453 22
728 833 55
728 2071 16
728 2306 13
728 872 19
1518 1988 42
1518 1066 14
1518 383 68
1518 1138 85
1518 2244 65
1988 424 76
1988 188 8
1988 727 39
286 1487 43
286 1819 25
286 961 78
286 1917 4
286 1853 7
1487 653 28
1487 2086 60
1487 1188 7
1487 1921 1
162 1192 33
162 1173 55
162 2024 25
162 1902 92
162 761 12
1192 2021 2
1192 1860 65
1192 808 74
1192 470 39
1798 2271 14
1798 2451 20
1798 632 71
1798 1724 53
1798 596 84
2271 368 32
2271 1089 77
2271 1751 87
2271 769 89
3 381 76
3 2035 47
3 2196 85
3 89 20
3 2469 99
381 802 13
381 848 33
381 643 27
381 1019 98
1575 1970 11
1575 2197 78
1575 301 94
1575 2425 61
1575 145 49
1970 1573 60
1970 714 34
1970 529 96
988 2173 84
988 31 78
988 851 79
988 530 15
988 2237 96
2173 2155 70
2173 2324 98
2173 578 56
2173 2488 41
1426 1581 71
1426 1461 54
1426 1043 31
1426 1291 49
1426 185 93
1581 1292 33
1581 1020 84
1581 2301 28
1581 1351 23
450 548 26
450 2193 95
450 1868 61
450 313 20
450 1217 93
548 323 54
548 1823 24
548 899 52
548 867 84
1881 2161 92
1881 575 79
1881 1271 41
1881 2247 8
1881 1312 4
2161 2113 36
2161 1983 9
2161 268 74
2161 1070 67
1196 2058 94
1196 741 8
1196 1268 53
1196 40 44
2058 613 71
2058 1931 84
2058 1253 37
2058 1964 95
1264 2458 1
1264 951 61
1264 549 56
1264 558 61
1264 165 41
2458 487 82
2458 2064 14
2458 72 54
2458 1914 16
603 726 99
603 355 6
603 66 28
603 963 83
603 1323 34
726 873 65
726 1919 44
726 1092 98
726 1254 53
1091 1483 96
1091 798 29
1091 314 81
1091 1577 3
1091 2113 34
1483 1262 91
1483 1993 19
1483 2483 19
1483 1627 40
525 2240 28
525 2310 84
525 2343 47
525 546 64
525 1028 46
2240 1894 13
2240 1377 61
2240 1637 15
2240 307 91
360 1678 74
360 864 28
360 1541 51
360 489 51
360 2396 23
1678 770 27
1678 427 65
1678 2205 43
1678 119 98
654 1896 8
654 1373 22
654 482 63
654 2162 27
654 2339 87
1896 1657 93
1896 1179 57
1896 1403 8
1896 1531 62
1922 2054 72
1922 337 46
1922 2387 77
1922 655 9
1922 1119 26
2054 1429 90
2054 797 30
2054 50 56
208 2304 13
208 1482 18
208 562 62
208 1965 86
208 2261 45
2304 1597 44
2304 1191 47
2304 1240 39
2304 1841 52
888 2063 34
888 1680 23
888 1859 52
888 417 39
888 2330 18
2063 441 92
2063 653 88
2063 796 100
2063 1839 33
1594 1921 97
1594 2201 26
1594 494 67
1594 834 57
665 1496 84
665 1789 94
665 1689 29
665 1998 12
665 1855 55
1496 1114 40
1496 1117 96
1496 1752 68
14 223 11
14 711 56
14 1500 59
14 1640 10
14 487 49
223 1107 67
223 979 78
223 1835 88
223 1735 45
2020 2333 47
2020 1777 90
2020 1942 67
2020 1336 44
2020 2467 81
2333 499 27
2333 2200 23
2333 1147 68
2333 916 86
490 2138 28
490 2116 54
490 1566 98
490 574 44
490 1908 24
2138 1495 22
2138 350 43
2138 1747 68
2138 1416 54
20 977 82
20 35 1
20 142 43
20 1310 87
20 119 96
977 451 9
977 2118 69
977 928 36
977 1219 9
796 137 42
796 216 39
796 751 81
1083 2423 34
1083 1344 80
1083 582 97
1083 2008 53
1083 2481 91
2423 202 21
2423 1174 30
2423 1234 10
2423 10 44
1124 1229 4
1124 1475 26
1124 1474 94
1124 1716 83
1124 1331 34
1229 1976 32
1229 1945 40
1229 2202 93
1229 1251 30
1554 2045 47
1554 2140 19
1554 1413 92
1554 861 5
2045 733 9
2045 230 83
2045 469 5
23 982 64
23 839 61
23 2373 93
23 390 74
23 1788 57
982 1547 55
982 1108 64
982 41 65
982 780 31
764 2414 25
764 1895 45
764 1345 63
764 1340 38
764 716 54
2414 509 2
2414 790 70
2414 801 35
2414 295 46
17 679 13
17 347 14
17 1698 51
17 1189 5
17 2338 87
679 1178 69
679 2441 31
679 411 79
679 759 36
844 1360 66
844 509 30
844 1865 80
844 16 85
844 2419 54
1360 894 86
1360 1086 75
1360 976 20
1360 971 91
1066 2190 75
1066 1693 20
1066 1056 33
1066 970 65
2190 656 25
2190 133 81
2190 67 86
2190 2034 41
312 2253 76
312 1444 52
312 2162 70
312 488 2
312 551 45
2253 1315 35
2253 257 68
2253 1522 74
2253 2485 74
129 331 17
129 2415 64
129 1116 15
129 1523 24
129 1338 50
331 350 97
331 2051 42
331 234 42
331 1293 6
846 1140 24
846 1315 59
846 1994 47
846 1672 33
846 747 63
1140 579 57
1140 1224 64
1140 1577 54
1140 924 92
355 1842 56
355 1985 34
355 2171 29
355 2151 24
1842 615 24
1842 426 85
1842 2230 2
415 1856 40
415 1858 98
415 301 40
415 660 68
415 1617 45
1856 628 68
1856 595 32
1856 2081 69
1856 1532 56
1788 2067 68
1788 138 46
1788 248 92
1788 651 24
2067 322 93
2067 1074 96
2067 1549 61
2067 568 24
408 685 61
408 1452 61
408 2007 82
408 1686 23
408 1863 81
685 718 71
685 2488 4
685 1045 59
685 1557 49
114 1864 65
114 1669 12
114 2270 24
114 1768 10
114 1440 91
1864 2428 74
1864 784 52
1864 2096 82
1864 1630 13
1112 2198 100
1112 757 55
1112 1474 65
1112 672 54
1112 789 31
2198 2322 73
2198 2164 60
2198 2246 27
2198 984 11
986 1830 4
986 336 97
986 339 47
986 580 1
986 2207 67
1830 1615 92
1830 1735 64
1830 2275 79
1830 425 31
537 2492 92
537 1276 87
537 1409 11
537 315 27
537 1991 60
2492 916 74
2492 1957 63
2492 2211 60
2492 177 51
621 914 77
621 1714 79
621 2134 28
621 111 62
621 1120 32
914 437 44
914 1082 75
914 910 52
628 1100 37
628 395 18
628 1746 50
628 22 50
275 1984 26
275 2474 31
275 1805 76
275 663 94
891 2495 81
891 205 9
891 371 63
891 959 46
891 1458 6
2495 8 56
2495 2371 13
2495 1986 9
2019 2121 72
2019 1748 84
2019 2065 66
2019 2241 33
2121 893 35
2121 369 27
2121 141 60
78 1160 84
78 1271 4
78 466 42
78 593 78
1160 1640 2
1160 289 98
1160 366 91
1160 627 95
2297 2331 84
2297 766 51
2297 1714 33
2297 160 31
2297 2027 12
2331 1679 70
2331 1963 64
2331 444 50
1213 1728 35
1213 1974 14
1213 1287 63
1213 2368 2
1213 2112 76
1728 2461 95
1728 1162 57
1728 808 4
676 1789 20
676 1773 100
676 1143 77
676 2235 51
676 237 39
1789 2308 20
1789 44 4
1789 2050 32
2209 2218 61
2209 307 12
2209 623 19
2209 1569 53
2209 2221 1
2218 1503 19
2218 2127 88
2218 2259 91
1304 1846 69
1304 1947 53
1304 1004 84
1304 1077 88
1304 1243 21
1846 150 47
1846 705 46
1846 1084 35
1846 441 72
254 339 13
254 2435 25
254 314 34
254 2039 51
254 1532 76
339 1808 24
339 1285 66
339 972 55
721 2434 79
721 1635 4
721 210 92
721 1164 30
721 1275 13
2434 2149 62
2434 1899 63
2434 863 21
2434 782 27
884 1674 58
884 928 23
884 1954 57
884 1076 21
884 886 84
1674 516 89
1674 641 78
1674 1139 70
1674 2264 42
1866 2229 31
1866 925 12
1866 1606 15
1866 1651 9
1866 1828 79
2229 1058 57
2229 1186 28
2229 641 27
2229 2493 98
503 2211 58
503 247 81
503 2214 95
503 1708 93
503 1633 17
2211 325 75
2211 2268 40
2211 156 97
1315 2126 17
1315 2295 69
1315 1782 99
2126 2483 84
2126 1923 63
2126 2489 11
2126 542 66
596 1404 87
596 823 56
596 2023 32
1261 2011 75
1261 159 7
1261 2298 63
1261 43 44
2011 2428 71
2011 1872 54
2011 2087 53
2011 2450 1
765 15 65
765 692 15
765 2095 16
765 1479 5
565 1520 8
565 926 72
565 607 69
565 140 61
1520 1696 99
1520 283 29
1520 616 68
1520 1860 4
1695 2239 87
1695 2474 1
1695 575 71
1695 1035 91
1695 535 48
2239 501 93
2239 1392 40
2239 1005 64
2239 712 99
1301 2083 98
1301 1220 29
1301 1212 69
1301 252 12
1301 289 21
2083 2111 10
2083 732 42
2083 1607 70
2083 160 71
585 681 1
585 1407 73
585 1461 37
585 1493 70
585 2102 66
681 1079 32
681 1327 28
681 126 48
681 1308 9
927 1613 63
927 756 21
927 2278 87
927 151 73
927 1709 67
1613 2498 93
1613 1653 78
1613 1895 95
1613 389 99
1309 2432 54
1309 1437 45
1309 1200 66
1309 2459 47
1309 1524 1
2432 1608 66
2432 536 10
2432 1251 21
268 2465 86
268 1354 86
268 1109 89
268 1159 18
2465 1299 59
2465 976 68
2465 770 76
2465 2210 20
572 1156 62
572 905 47
572 1949 34
572 87 51
572 1482 41
1156 502 61
1156 1028 11
1156 1453 59
1156 699 49
952 1148 89
952 767 81
952 1611 6
952 1290 69
952 2391 45
1148 1713 50
1148 895 32
649 1110 44
649 956 10
649 2167 20
649 400 8
649 1608 31
1110 1723 53
1110 1658 13
1110 2060 75
849 875 29
849 1741 83
849 1849 80
849 461 34
849 2022 94
875 1157 46
875 397 67
875 1877 74
875 110 57
1773 2027 47
1773 1897 93
1773 193 52
66 2223 40
66 2201 44
66 1638 67
66 2300 27
2223 1928 94
2223 1100 64
2223 349 76
2223 81 75
809 2496 42
809 956 55
809 1246 65
809 237 1
809 1212 70
2496 1108 35
2496 1474 7
2496 29 40
2496 64 38
933 1808 69
933 2402 75
933 1957 33
933 1701 29
933 1622 49
1808 1202 48
1808 2038 53
1808 2129 78
2329 2417 93
2329 2338 86
2329 58 58
2329 1393 46
2329 861 76
2417 158 88
2417 729 7
2417 1034 1
2417 2274 35
1326 1739 23
1326 1450 57
1326 606 85
1326 1920 10
1326 2283 45
1739 1039 73
1739 2082 10
1739 2255 76
1739 2199 97
1188 2263 56
1188 2482 3
1188 2224 88
1188 979 8
2263 1303 76
2263 205 44
2263 2366 28
2263 296 28
832 2399 50
832 1336 85
832 1943 37
832 209 9
832 328 29
2399 664 47
2399 2485 37
2399 897 61
2399 1606 44
374 1292 8
374 329 82
374 2382 73
374 53 100
374 1562 61
1292 1398 41
1292 724 35
1292 81 77
1514 2204 79
1514 1889 72
1514 1926 7
1514 1848 51
2204 2274 86
2204 677 28
2204 1609 9
2204 462 72
805 1744 98
805 2100 53
805 540 52
805 2143 42
1744 1697 80
1744 532 53
1744 155 28
2023 2081 22
2023 723 32
2023 2103 67
2023 883 25
2081 1679 15
2081 1381 95
2081 120 56
295 2396 5
295 1086 23
295 1145 24
295 1565 11
2396 1471 27
2396 581 20
2396 1199 56
1203 1790 71
1203 505 53
1203 915 14
1203 196 40
1790 2174 47
1790 134 19
1790 1394 24
1790 1700 89
2206 2431 24
2206 207 68
2206 2200 84
2206 64 41
2206 442 14
2431 2310 36
2431 2420 28
2431 900 14
2431 867 3
263 643 33
263 873 89
263 1911 30
263 303 79
643 160 86
643 1380 6
643 437 58
474 826 47
474 766 13
474 2112 11
474 489 10
474 854 66
826 2179 83
826 564 98
826 2078 99
826 821 50
196 589 18
196 2267 70
196 258 73
196 974 60
589 1138 95
589 1584 58
589 1025 12
589 959 42
2476 1354 34
2476 1963 87
2476 138 37
2027 1954 20
2027 1718 99
487 2153 36
487 1824 85
487 700 99
1488 2043 60
1488 2319 11
1488 1634 96
1488 2005 72
1488 1925 91
2043 90 10
2043 506 48
2043 2498 71
2043 898 47
271 231 87
271 2131 88
271 1689 97
271 1054 99
1658 388 68
1658 980 15
1303 1018 20
1303 2295 36
1303 800 18
1303 86 85
1130 1288 89
1130 2254 2
1130 969 80
1130 137 86
1130 815 72
1288 299 29
1288 410 86
1288 104 8
1288 1902 97
1447 2392 74
1447 1389 51
1447 76 75
1447 1024 76
1447 1027 72
2392 313 53
2392 1052 10
2392 995 10
2392 96 43
1001 1753 32
1001 1061 21
1001 358 75
1001 2435 37
1753 218 72
1753 910 83
1753 276 63
1753 1347 28
1176 1525 19
1176 1324 70
1176 974 61
1176 1014 95
1176 874 31
1525 1908 73
1525 2205 58
1525 682 56
1525 1280 71
49 1306 42
49 937 85
49 111 51
49 1400 99
49 293 95
1306 522 9
1306 1544 95
1306 61 74
1306 436 96
1310 2279 31
1310 957 33
1310 1573 8
1310 700 92
2279 472 33
2279 1190 92
2279 1733 16
2279 709 50
1506 1925 17
1506 1071 39
1506 173 59
1506 883 8
1506 1572 19
1925 377 69
1925 161 8
1925 865 16
146 2178 17
146 308 98
146 543 28
146 293 65
146 768 32
2178 1387 69
2178 2487 58
2178 2230 33
2178 1692 48
1439 2100 36
1439 946 49
1439 2104 74
1439 1850 70
1439 1129 41
2100 934 81
2100 2132 73
2100 1797 87
613 1958 2
613 1197 3
613 1278 71
613 2186 7
2018 2450 66
2018 2221 53
2018 1562 84
2018 1005 39
2018 1053 59
2450 2393 43
2450 1863 99
158 1526 3
158 1009 16
158 1200 94
158 337 17
2221 2012 22
2221 669 80
2221 333 8
299 555 31
299 211 23
299 1406 94
555 512 7
555 2343 94
555 2259 84
1486 1579 75
1486 262 63
1486 2328 90
1486 670 49
1486 1775 5
1579 1099 9
1579 386 62
1579 1735 68
1579 1656 85
429 1604 61
429 722 11
429 1027 24
429 1236 91
429 151 13
1604 561 93
1604 1854 92
1604 996 19
203 2015 29
203 767 97
203 1322 45
203 389 11
2015 697 12
2015 1255 14
2015 657 84
2015 400 99
2064 2033 23
2064 24 59
2064 1332 14
2064 997 25
512 725 99
512 188 30
512 361 24
2179 2026 45
2179 2420 47
2179 639 52
2179 778 20
677 2056 59
677 157 64
677 2075 91
677 395 19
2056 81 96
2056 2108 94
2056 1380 8
2056 865 14
763 1076 65
763 250 82
763 1906 98
763 67 48
763 1948 61
1076 2145 48
1076 727 30
1076 155 30
446 1369 12
446 1295 69
446 1530 10
446 797 25
446 1592 79
1369 449 58
1369 784 69
1369 1765 76
1369 2057 50
1279 1895 24
1279 704 98
1279 2482 68
1279 1703 76
1279 2028 45
1895 1620 66
1895 95 72
2000 1386 67
2000 2078 73
2000 67 54
449 1145 10
449 89 17
449 2390 13
449 2452 12
1145 51 32
1145 80 72
1145 1887 2
1340 1353 77
1340 404 65
1340 2470 21
1340 1981 83
1353 1778 77
1353 2195 42
1353 686 99
868 1772 76
868 960 89
868 839 26
868 1137 15
868 1862 49
1772 130 37
1772 1731 88
1772 2148 99
1772 404 16
2172 2378 82
2172 2446 66
2172 1195 12
2172 1375 74
2172 1959 74
2378 1810 82
2378 2143 18
2378 1363 51
2378 2493 65
622 1073 54
622 970 29
622 423 100
622 557 63
622 882 14
1073 2298 69
1073 2220 12
1073 1586 19
1073 2361 61
334 1838 72
334 580 56
334 947 92
334 1410 54
334 547 53
1838 2048 44
1838 1814 29
1838 1582 41
1838 972 89
2133 2157 76
2133 2029 45
2133 191 21
2133 21 33
2133 2365 28
2157 1978 76
2157 462 69
2157 1812 52
502 116 71
502 315 76
502 1837 48
502 2219 80
865 2413 93
865 2351 54
865 1063 97
2413 403 54
2413 1427 55
2413 1611 49
2413 1553 82
606 2418 44
606 2449 96
606 182 46
606 2480 11
2418 1617 77
2418 2404 57
2418 495 19
2418 447 20
2298 1403 34
2298 951 58
693 2013 61
693 2305 13
693 46 46
693 2241 87
693 1860 28
2013 510 30
2013 1241 97
2013 2289 52
2013 1258 8
946 178 52
946 871 1
946 1939 59
946 869 48
2338 2339 32
2338 296 3
2338 2202 15
132 1451 11
132 1818 67
132 437 45
132 1041 9
132 1417 48
1451 853 6
1451 750 26
1451 1095 58
1451 1421 26
1138 1919 73
1138 2288 5
1138 611 33
1869 2353 38
1869 1358 79
1869 447 50
1869 2371 4
2353 1818 31
2353 1361 30
2353 195 83
2353 402 95
929 1206 5
929 818 75
929 1242 30
929 658 96
929 405 3
1206 1005 90
1206 755 42
1206 1101 53
1206 1105 67
889 2073 4
889 54 10
889 265 14
889 2409 71
889 1725 11
2073 630 75
2073 1899 94
2073 1693 87
2073 1093 67
839 2481 59
839 591 52
839 1962 58
2481 915 75
2481 1465 46
2481 2002 94
667 1731 9
667 976 14
667 2251 49
667 2183 63
667 2350 45
1731 720 20
1731 2320 4
769 961 41
769 2061 2
769 479 32
769 1664 2
961 282 6
961 44 25
961 966 38
1443 2366 5
1443 1903 85
1443 892 59
1443 941 3
1443 131 55
2366 2129 80
2366 2295 7
2366 1025 60
1441 1768 94
1441 1029 21
1441 1404 57
1441 1791 72
1441 177 93
1768 1481 88
1768 284 14
1768 531 60
962 1504 53
962 1199 35
962 1039 68
962 1159 50
962 1201 12
1504 1625 3
1504 87 80
1504 2212 63
1504 2148 29
2267 2440 99
2267 1427 30
2267 689 36
2267 1619 53
1387 1322 86
1387 1149 100
1387 253 22
1387 15 50
43 187 84
43 533 68
43 74 31
43 1499 75
187 2361 51
187 2283 67
187 36 92
2241 2467 50
2241 2337 4
2241 1637 60
2467 1182 76
2467 541 30
2467 255 92
276 2381 31
276 1267 65
276 1558 54
276 1166 90
2381 87 52
2381 1810 32
2381 1381 85
2381 881 52
1117 1270 57
1117 22 79
1117 2051 6
1117 1978 89
1270 2365 73
1270 1870 62
1270 775 95
1247 1794 93
1247 1704 83
1247 627 57
1247 660 22
1794 1861 65
1794 2328 2
1794 1257 62
1794 1351 37
1935 2131 53
1935 2344 36
1935 24 56
1935 2334 90
1935 2149 6
2131 1070 34
2131 1467 21
2131 2125 73
340 1578 13
340 2188 74
340 354 72
340 417 49
1578 2076 4
1578 646 22
1578 1498 53
1578 1290 55
1453 1899 9
1453 1276 85
1453 401 69
1453 578 31
1899 2355 2
1899 279 10
527 650 60
527 365 62
527 1253 79
527 250 93
527 303 96
650 1286 31
650 774 51
650 892 9
650 1490 35
604 870 71
604 1724 13
604 1706 11
604 722 52
604 1331 47
870 306 3
870 571 22
870 1972 64
870 673 3
1942 2292 22
1942 1880 71
1942 742 67
2292 1397 15
2292 2009 19
2292 1953 98
2292 2430 26
834 1103 19
834 2 22
834 379 20
1103 1871 70
1103 253 80
1103 1063 49
1103 310 45
567 738 78
567 1708 76
567 1026 41
567 2319 23
553 1992 89
553 1545 64
553 1719 98
553 601 14
553 124 33
1992 1197 9
1992 1683 12
1992 670 79
1992 1152 96
1984 1955 1
1984 1074 99
1984 337 24
1984 2435 56
1180 2090 27
1180 409 38
1180 2444 7
1180 588 6
1180 1820 83
2090 1820 95
2090 903 67
2090 680 18
2090 2145 75
1298 1853 49
1298 252 95
1298 1489 73
1298 939 50
1298 405 15
1853 2372 66
1853 1072 9
1853 755 92
873 2079 20
873 174 46
2077 319 72
2077 618 97
2077 1101 88
2077 32 92
1495 2193 69
1495 2308 75
1495 758 88
1495 313 99
1237 1348 45
1237 879 73
1237 2168 32
1237 1060 61
1237 1784 42
1348 1316 18
1348 84 97
1348 602 73
1348 251 23
1599 2195 31
1599 1647 60
1599 1945 45
1599 1178 33
1599 1194 64
2195 1227 7
2195 1236 24
2195 2091 80
1810 2066 56
1810 1012 85
1810 378 15
794 2441 63
794 2012 8
794 2437 80
794 2461 40
2441 2319 28
2441 21 53
2441 2336 12
577 2177 33
577 1424 40
577 666 57
577 576 8
2177 1852 86
2177 1386 12
2177 237 5
501 647 75
501 829 35
501 938 46
501 1857 83
647 489 72
647 2226 7
647 363 26
647 1577 92
376 1635 43
376 2412 34
376 2347 76
376 1541 58
376 1224 88
1635 2403 10
1635 2092 93
1635 352 27
1505 2452 83
1505 1093 35
1505 568 4
1505 2048 9
1505 308 71
2452 1585 55
2452 1963 14
1178 2480 37
1178 510 62
1178 6 25
886 1885 43
886 2010 88
886 1259 72
886 1452 7
1885 2479 22
1885 2234 7
1885 63 99
1885 1855 24
149 1363 77
149 1481 93
149 224 7
149 2122 65
149 1385 57
1363 436 48
823 1048 66
823 481 1
823 1530 81
823 1224 49
1048 951 19
1048 1220 69
1048 1494 81
1048 1126 18
473 1423 51
473 310 61
473 1943 34
473 1267 60
473 294 32
1423 1643 37
1423 1827 19
1423 103 64
1423 530 20
1819 2440 42
1819 1880 27
1819 930 51
1819 13 36
2440 2036 27
2440 457 26
2440 1089 51
1580 1929 99
1580 1014 19
1580 439 59
1580 2021 74
1580 1166 10
1929 1281 24
1929 1324 23
1929 2123 83
1929 463 34
642 1646 11
642 85 50
642 2359 16
642 560 93
642 2091 97
1646 213 58
1646 1616 40
1646 994 19
1646 626 84
1436 1921 3
1436 2334 67
1436 465 88
1436 103 13
1436 994 17
1921 920 20
1921 612 8
1675 2203 61
1675 92 1
1675 1949 61
1675 1179 21
1675 1707 81
2203 2427 35
2203 52 28
2203 1600 51
2203 1052 94
1183 1475 20
1183 75 13
1183 367 45
1183 234 72
1183 1361 26
1475 1254 54
1475 377 87
1475 1847 93
126 1729 29
126 569 11
126 199 8
126 152 93
1729 1131 88
1729 1979 83
1729 1955 38
1729 612 2
969 994 17
969 2449 65
969 533 41
969 363 30
994 626 100
994 2104 69
595 2473 66
595 2235 77
595 907 66
595 1698 12
2473 1134 77
2473 2373 41
2473 2277 33
2473 1139 93
1816 1190 76
1816 1225 17
1816 687 19
625 2352 18
625 2212 37
625 2439 38
625 2124 20
2352 349 95
2352 1408 53
547 712 65
547 2484 76
547 1732 89
547 7 34
712 222 32
712 1941 31
712 101 81
1469 1571 61
1469 497 2
1469 2165 93
4 729 1
4 287 16
4 1336 32
4 103 35
4 2089 86
729 109 47
729 102 61
729 99 77
1746 1975 45
1746 1961 82
1746 607 15
1746 552 30
1975 1854 10
1975 211 30
1975 416 43
1975 2070 43
1990 2335 18
1990 2079 34
1990 515 70
1990 2151 39
1990 1528 30
2335 967 50
2335 2283 96
2335 900 6
2335 1216 53
1489 1760 99
1489 378 88
1489 759 85
1489 214 62
1760 2479 57
1760 320 93
1760 2269 9
1760 881 1
918 1944 31
918 1232 24
918 2078 33
918 1965 12
918 1349 54
1944 1184 90
1944 1947 27
1944 903 55
1944 742 11
116 1364 18
116 1425 99
116 2406 55
116 1821 22
1874 2281 53
1874 465 58
1874 231 38
1874 384 96
1874 1168 56
2281 1012 62
2281 754 63
2281 529 70
2281 2320 29
438 1721 93
438 1964 50
438 657 72
438 2358 3
438 347 77
1721 88 24
1721 248 26
1721 1377 78
1721 626 32
1397 983 74
1397 1367 24
1397 1868 2
1397 145 92
349 1383 61
349 470 96
349 1590 99
1383 1917 21
1383 1540 35
1383 882 43
1383 1162 42
1171 1720 71
1171 1759 37
1171 1807 56
1171 1985 2
1720 819 98
1720 1556 88
1720 353 39
1720 160 13
973 2001 69
973 131 41
973 382 24
973 1420 22
2001 1516 67
2001 788 25
2001 755 89
2001 655 89
706 1657 68
706 99 71
706 2493 64
706 448 52
706 1058 84
1657 1037 22
1657 1981 18
2037 1995 38
2037 1757 61
2037 2403 25
2037 1832 59
1330 1484 98
1330 1967 24
1330 850 84
1330 2322 85
1330 2390 71
1484 1954 15
1484 456 49
1484 2291 51
652 1957 63
652 1167 73
652 1149 97
652 2485 96
215 336 34
215 2290 46
215 748 93
215 444 4
215 58 74
336 616 6
336 94 95
1100 1961 57
1100 467 59
1100 856 64
1961 1054 67
1961 327 68
1961 1799 65
1858 1399 39
1858 2226 80
1858 2136 23
1858 2274 52
518 1313 91
518 807 33
518 1894 88
518 447 37
518 1528 91
1313 2055 24
1313 398 55
1313 1854 37
1313 2316 8
2435 1708 79
2435 371 70
2446 1500 4
2446 1466 60
2446 1077 25
2446 2261 38
2035 2256 27
2035 1626 64
2035 481 62
2035 2268 92
557 1389 48
557 1901 51
557 2174 14
557 311 13
1389 2403 48
1389 79 52
1389 608 11
2048 1787 72
2048 1652 37
1142 615 78
1142 2291 54
1142 2361 92
1142 1295 56
399 1217 77
399 2 45
399 1388 69
399 1920 99
399 2278 83
1217 1986 4
1217 394 78
2012 177 52
2012 1891 31
2012 476 85
169 1694 84
169 800 24
169 551 49
169 722 81
169 35 24
1694 816 42
1694 2419 30
1694 2293 67
1694 2088 33
1640 2477 93
1640 1651 49
1640 1540 24
2477 361 67
2477 240 31
2477 179 96
1170 2262 54
1170 2200 90
1170 1101 16
1170 2290 5
1170 1662 6
2262 1446 100
2262 551 16
2262 690 77
2262 50 68
996 2375 3
996 25 47
996 2109 53
996 1162 12
2375 593 26
2375 1749 8
2375 2122 25
2021 2224 50
2021 252 100
2021 240 62
517 2377 83
517 1466 94
517 535 63
517 1000 23
517 1182 57
2377 226 100
2377 1080 84
2377 1327 69
1244 1430 85
1244 1419 67
1244 1308 100
1244 1943 75
1244 1036 12
1430 2222 74
1430 2438 64
1430 2433 11
1430 1392 97
287 1366 27
287 552 42
287 976 29
287 1936 90
217 1546 10
217 1215 7
217 464 13
217 1271 29
174 6 30
174 768 74
174 264 1
205 1870 61
205 316 26
165 433 79
165 2089 67
165 1417 50
470 2079 81
470 1962 93
470 1845 32
1610 2426 32
1610 733 9
1610 569 15
1610 908 78
1610 1831 17
2426 1708 17
2426 1998 38
2426 802 39
2426 30 16
1370 1956 13
1370 1184 13
1370 1628 43
1370 1042 17
1370 1328 95
1956 987 83
1956 2246 61
1956 1318 67
1956 2484 2
1184 1500 79
1184 148 34
1184 1845 69
1500 1355 23
1500 992 69
533 2213 2
533 1845 56
533 1185 9
2213 2475 1
2213 683 53
2213 1093 49
2213 2227 88
337 352 75
337 309 14
352 1364 16
352 284 5
1119 1556 42
1119 16 10
1119 1167 31
1119 645 21
1556 2480 54
1556 2103 48
1556 242 86
1537 2069 39
1537 2105 93
1537 1911 97
1537 409 100
1537 212 28
2069 588 53
2069 1829 4
2069 1448 4
102 714 100
102 325 55
102 195 88
102 597 74
714 2166 19
714 2085 52
714 1528 33
347 1341 8
347 1981 2
347 1612 65
514 1153 69
514 289 4
514 304 2
514 2125 92
514 308 38
1153 639 85
1153 455 85
1153 641 91
1153 294 74
433 375 33
433 1394 19
433 2313 80
213 932 99
213 414 87
213 792 4
213 1393 24
932 311 81
932 1938 9
932 125 78
932 1651 69
1919 1741 69
1919 1177 65
1919 1150 59
1396 2443 13
1396 2483 14
1396 1177 52
1396 1256 13
2443 2311 30
2443 2372 90
2443 1345 39
2443 1562 80
73 134 65
73 820 82
73 943 31
73 1561 56
73 317 50
134 1968 6
134 2196 98
134 1889 23
2193 1912 88
2193 1049 24
2193 2129 69
1187 1811 28
1187 1141 5
1187 1662 99
1187 999 29
1187 2128 74
1811 510 61
1811 485 73
1811 1297 62
556 2210 63
556 1434 77
556 1614 52
556 41 96
556 2091 69
2210 1912 92
2210 2282 88
2210 523 57
1191 1637 62
1191 2176 49
1191 237 68
1191 33 45
1637 700 54
1637 305 4
2340 2369 23
2340 1463 94
2340 357 72
2340 409 85
2340 858 24
2369 39 80
2369 510 95
2369 760 92
2369 343 14
893 1980 67
893 209 35
893 1628 73
893 2119 16
1980 617 27
1980 1629 85
1980 335 83
1980 1892 53
1517 1807 5
1517 1986 17
1517 2111 33
1517 1971 78
1517 1515 71
1807 1319 8
1807 1392 7
1807 170 74
524 1588 59
524 123 38
524 484 96
524 653 33
524 1257 84
1588 2130 32
1588 2191 25
1588 1464 82
1456 2093 82
1456 853 5
1456 730 61
1456 1273 82
2093 975 56
2093 2466 73
2093 2468 79
2093 1730 42
600 1583 42
600 1032 80
600 635 13
600 1061 17
600 397 47
1583 899 17
1583 531 36
1583 623 28
1583 702 8
835 2160 57
835 822 81
835 648 74
835 2255 82
835 742 42
2160 724 41
2160 2254 67
2160 2326 68
854 941 99
854 1850 31
854 113 63
854 1382 89
941 1780 37
941 1287 99
506 1655 4
506 300 74
506 1400 49
506 1434 9
1655 1713 50
1655 539 42
1655 1025 10
1655 1932 71
442 2165 58
442 1910 6
442 1967 83
442 1193 11
2165 2460 58
2165 1377 31
1266 2346 59
1266 1354 36
1266 1971 35
1266 1649 65
1266 106 4
2346 869 42
2346 82 8
2346 274 28
510 267 53
2402 193 79
2402 1037 33
2402 426 42
2402 228 71
520 543 12
520 1821 39
520 413 49
520 2250 39
520 1235 74
543 2478 98
543 1888 9
543 1388 27
1708 1065 89
1400 2053 76
1400 1670 46
1400 1540 71
2053 2303 80
2053 1424 81
2053 2249 23
2053 960 67
1565 1007 18
1565 1462 50
1565 1963 75
377 1137 3
377 1398 55
377 296 92
1137 141 57
1137 119 54
1633 573 27
1633 2116 52
1633 701 97
664 1154 41
664 552 48
664 1135 14
664 1440 81
1559 1817 41
1559 1717 61
1559 2217 27
1559 1987 86
1817 1413 93
1817 2437 33
1817 2243 14
1817 2359 32
819 997 83
819 919 77
819 1273 30
819 1979 53
997 1542 4
997 1208 25
997 593 33
1395 2096 99
1395 862 64
1395 983 35
1395 775 17
2096 1503 79
2096 2336 53
2096 481 24
760 1585 13
760 1754 16
760 1596 44
760 2464 99
1585 1182 65
1585 541 28
1585 980 80
561 1955 13
561 1829 30
561 759 43
678 2189 25
678 1507 53
678 1785 21
678 39 24
678 945 73
2189 2328 14
2189 327 68
2189 83 23
2189 897 48
910 1529 99
910 1875 80
910 1162 72
1529 2258 61
1529 798 18
1529 2455 41
1529 464 34
2164 2277 73
2164 1333 45
2164 1608 21
2164 1957 21
2277 1974 91
2277 409 97
2277 2278 47
641 1075 88
641 549 62
1075 486 78
1075 451 46
1075 2471 15
1075 2208 11
190 2371 2
190 2382 99
190 1757 4
190 2311 65
190 152 69
2371 2134 18
2371 1079 47
1210 1232 58
1210 719 95
1210 2022 39
1210 1700 46
1232 1601 29
1232 1781 4
1232 871 42
422 881 15
422 2170 78
422 2308 99
422 1235 48
131 425 72
131 1639 6
131 2428 62
267 1544 3
267 404 82
267 841 82
267 1733 83
1544 1535 44
1544 2390 44
1544 1710 9
91 793 48
91 2152 6
91 2457 67
91 1023 35
91 1797 94
793 368 98
793 930 90
793 31 33
793 484 10
911 1996 2
911 1408 37
911 821 11
911 351 28
911 2008 96
1996 2147 14
1996 992 85
1996 388 73
1996 1889 64
1897 2175 36
1897 817 39
1897 2130 78
1897 1080 41
2175 1007 49
2175 609 28
2175 54 5
1619 1938 42
1619 2171 88
1619 536 64
1619 1898 63
1938 279 24
1938 1914 75
1938 1534 70
1880 13 69
1880 1255 29
1880 1745 55
2310 1736 37
2310 1847 46
1316 1521 81
1316 1329 64
1316 235 59
1316 493 81
789 1602 32
789 64 20
789 592 21
789 163 53
1602 414 1
1602 599 43
1602 1666 97
1602 478 50
720 2168 41
720 791 17
720 2453 21
720 2488 7
332 1097 46
332 738 65
332 953 33
332 1214 29
332 1494 76
1097 1898 32
1097 2276 30
1097 1697 7
1097 2170 84
1701 1832 5
1701 1490 8
1701 1069 23
1701 2462 36
1832 1734 76
1832 456 40
1832 1736 49
1035 2008 6
1035 1872 77
1035 1366 77
1035 2042 91
2008 396 59
2008 308 33
651 850 79
651 154 98
651 344 87
651 1220 21
850 701 76
850 715 54
850 1851 68
1428 1939 10
1428 1065 51
1428 1681 87
1428 2273 33
1428 445 55
1939 2445 62
1939 1686 87
1939 31 100
1147 1431 43
1147 92 23
1147 373 83
1431 1434 73
1431 1503 55
1431 1723 90
1431 2219 28
2224 478 97
2224 1828 40
2224 1999 11
350 1527 37
350 831 63
350 507 69
1122 1374 95
1122 2036 11
1122 180 6
1122 1054 94
1122 1404 26
1374 508 35
1374 1767 15
1374 2474 100
1374 949 13
338 511 66
338 7 86
338 2337 92
338 827 7
338 1673 4
511 1519 49
511 1574 74
511 935 47
511 1549 89
1857 2237 90
1857 1755 53
1857 734 90
1857 990 45
2237 582 23
2237 2341 36
2237 241 63
1125 1793 70
1125 1540 75
1125 673 38
1125 1029 77
1125 472 55
1793 1107 1
1793 1377 7
1793 1987 20
1793 1361 37
1135 2252 77
1135 1007 26
1135 1593 83
1135 204 2
2252 1892 7
2252 1362 58
2252 488 47
2252 1424 77
1894 581 97
1894 80 84
2355 1806 26
2355 1251 78
2355 63 94
1354 2152 58
1354 571 38
209 2208 67
209 412 100
209 2132 39
2208 2350 48
2208 1305 40
2208 2447 88
1131 1211 40
1131 105 20
1131 2184 26
1131 9 45
113 1682 58
113 1993 51
113 1350 30
113 305 14
1682 1154 53
1682 2315 89
1682 2104 49
1114 71 86
1114 180 86
1114 2149 88
1778 2300 23
1778 1582 97
1778 1101 11
1778 2343 51
1416 1834 92
1416 662 82
1416 550 19
1416 1908 93
1834 499 63
1834 2222 83
1834 172 94
335 711 94
335 660 9
335 1603 30
335 86 52
711 1861 47
711 2307 4
2155 452 35
2155 1017 42
2155 1542 52
2155 1096 96
183 1108 48
183 2264 90
183 2153 63
183 166 93
183 1626 71
1108 1679 81
1108 420 37
252 713 78
252 291 17
713 1545 8
713 1764 31
713 2370 35
424 225 12
424 1284 7
424 2254 95
424 2411 16
1150 1863 72
1150 1972 58
1150 2453 75
1150 212 49
1863 1573 87
1863 958 94
1093 1329 58
1093 1696 74
1329 1449 100
1329 210 36
1329 1719 61
619 1409 54
619 2315 50
619 1444 16
619 515 60
1409 1468 54
478 1465 38
478 691 39
478 2234 53
2256 1703 60
2256 1743 86
2256 220 10
2256 812 72
816 1438 27
816 172 38
816 346 1
816 1222 27
725 2101 42
725 1709 5
725 2368 29
725 333 36
2101 2004 100
2101 1706 87
2101 2060 62
2101 573 40
590 1876 19
590 842 61
590 413 89
590 1272 40
1876 1167 88
1876 636 12
1876 2123 55
662 1227 8
662 1002 1
662 68 25
662 443 98
1227 42 98
1227 1904 93
1227 1831 41
576 1978 57
576 1659 29
576 1268 87
576 718 96
1978 241 48
1978 1763 27
1039 418 100
1039 857 66
1039 2306 48
1555 2033 78
1555 2336 18
1555 1764 53
1555 1492 30
1555 1799 5
2033 2146 67
2033 812 47
2033 2469 1
925 2169 35
925 2158 36
925 1179 95
925 1319 39
2169 2192 20
2169 1084 44
2169 599 67
2169 225 28
2192 358 58
2192 1297 6
2192 1282 26
2192 1664 22
197 898 93
197 2487 89
197 890 6
197 1528 15
197 1882 89
898 161 66
898 1934 3
898 1839 91
909 1629 82
909 1462 55
909 1090 92
909 564 33
1629 1036 38
1629 734 74
1629 1792 8
2112 37 76
2112 2061 98
1736 1285 88
1736 688 84
1736 1681 53
830 1750 13
830 1901 21
830 133 90
830 1761 83
830 488 59
1750 1843 65
1750 38 89
1750 2123 22
1750 2428 25
2120 2421 24
2120 2194 47
2120 1941 54
2120 1492 94
2120 1290 22
2421 344 68
2421 279 79
2421 2142 90
2421 301 25
1358 2327 89
1358 1590 10
1358 1532 68
1358 1943 62
41 772 35
41 439 70
41 1840 74
772 375 17
772 1710 67
772 990 1
772 1390 15
1020 1181 59
1020 692 9
1020 2049 15
1020 410 51
942 2156 39
942 505 47
942 1208 49
942 1027 45
942 943 61
2156 431 41
2156 2498 50
2156 1151 26
2156 1111 73
168 434 71
168 1574 66
168 1021 35
168 270 3
807 1702 15
807 638 75
807 1057 18
807 1743 42
1702 1236 60
1702 186 64
1702 1536 82
1702 2040 98
777 813 83
777 1420 2
777 368 8
777 1715 7
813 2002 54
813 715 53
813 943 66
813 1399 93
687 2051 11
687 1465 10
687 362 89
687 943 16
2051 1141 20
2051 1571 8
1175 978 8
1175 163 58
1175 1002 64
1175 1338 42
1515 1910 99
1515 2200 51
1515 1446 42
1910 1341 60
1910 2327 61
1910 1886 41
2136 2257 32
2136 1462 95
2136 460 2
2136 2134 87
2257 1849 37
2257 373 42
2257 2436 5
2257 684 45
231 2185 85
231 1013 90
2185 857 19
2185 1911 96
2185 61 5
1241 2344 64
1241 694 93
1241 1096 96
2344 673 92
2344 2429 58
2344 1844 50
2324 1026 3
2324 2470 98
2324 468 85
2324 1687 39
48 788 74
48 790 61
48 771 71
48 371 46
48 494 8
788 2082 77
788 387 72
788 1446 70
842 1560 29
842 2404 74
842 1775 35
1918 2034 52
1918 1568 9
1918 836 64
1918 617 3
1918 2321 86
2034 1912 68
2034 2295 90
2034 703 54
1283 1294 49
1283 1338 31
1283 814 60
1283 836 72
1283 10 8
1294 57 37
1294 2387 32
1294 292 47
1294 1067 34
202 1791 40
202 981 43
202 611 26
202 342 82
403 672 18
403 1265 50
403 1282 44
403 833 4
750 2228 25
750 2024 4
750 724 17
750 2430 75
2228 1787 83
2228 1639 91
2228 1847 14
564 2152 60
564 2075 16
564 1388 77
1155 1230 85
1155 762 43
1155 452 5
1155 22 50
1155 1365 48
1230 2170 44
1230 902 72
1230 879 97
1230 1648 11
697 1584 88
697 1255 53
697 136 8
697 1327 14
1584 2463 52
1584 723 79
1584 2141 22
1345 566 66
1345 2410 7
1345 257 39
141 1350 16
141 800 84
141 139 40
488 1181 22
488 1940 89
1181 314 86
1181 2314 1
1181 423 63
1923 2270 3
1923 2007 65
1923 1015 100
1923 2451 53
2270 1305 95
2270 1132 16
2270 2451 72
462 1946 96
462 1756 88
1946 1127 61
1946 297 76
1946 2278 96
1946 375 15
1513 1877 12
1513 1129 49
1513 60 88
1513 785 83
1877 1530 5
1877 2336 6
722 249 79
722 1085 89
747 1297 92
747 1983 48
747 1349 24
747 990 41
1297 294 42
1297 1545 1
1141 124 32
1141 179 96
1141 220 42
380 698 85
380 2409 10
380 2214 38
265 1553 16
265 2245 20
265 1134 31
1553 1937 53
1553 987 88
1553 2086 23
440 2308 14
440 1623 76
440 206 71
440 2047 70
440 1042 69
2308 688 28
1871 1683 22
1871 1860 84
1871 1078 45
1871 178 8
1641 2449 54
1641 499 84
1641 297 68
1641 1621 81
1641 1467 80
2449 32 73
2449 5 11
950 2006 2
950 599 29
950 1499 71
950 1295 46
950 42 58
2006 2280 30
2006 2389 100
2006 2249 22
2006 2363 45
1626 2060 41
1626 1557 64
2060 2274 54
2060 2144 44
30 2265 85
30 1026 2
30 998 50
30 1002 33
2265 1676 34
2265 921 13
2265 2430 39
2265 2230 23
802 1133 41
802 294 55
802 222 35
227 2321 95
227 1623 43
227 790 67
227 1084 94
227 1088 86
2321 481 25
2321 2182 12
2321 1814 83
956 1741 50
956 674 93
956 1300 87
864 1252 66
864 1367 22
864 1666 37
864 1716 62
1134 2085 94
1134 1078 67
1134 2258 42
862 469 49
862 1805 2
862 1161 77
718 1777 41
718 931 73
718 801 51
1777 7 96
1777 1290 72
410 1624 46
410 1412 64
410 1757 70
1624 2384 53
1624 1246 43
1624 669 3
1624 1915 58
1843 2115 38
1843 70 100
1843 83 82
1843 2151 83
2115 136 37
2115 1236 26
2115 2097 3
246 735 94
246 1960 5
246 63 22
246 230 20
246 453 1
735 1355 44
735 199 75
735 2074 46
735 159 63
1158 1783 18
1158 2004 90
1158 1260 7
1158 1307 4
1158 672 78
1783 171 38
1783 715 66
1783 143 59
1783 1600 1
554 851 62
554 776 11
554 1205 11
554 218 74
554 2361 77
851 1987 63
851 922 63
858 1262 70
858 646 86
858 1054 96
858 599 64
1262 867 90
1262 1406 76
1262 740 66
905 496 51
905 45 43
905 2312 32
905 1795 34
159 2170 33
159 1215 30
159 1388 51
1743 1884 88
1743 724 86
1743 59 42
1884 1752 81
1884 1969 2
1884 1393 71
1884 70 29
321 505 50
321 575 57
321 2092 17
321 661 31
321 2022 27
505 1139 58
505 2088 16
1104 2472 79
1104 1079 7
1104 562 92
1104 36 15
1542 2261 50
1542 1034 21
1542 37 35
2201 795 5
2201 226 61
2201 2250 41
257 749 6
257 1955 88
749 2447 39
749 741 56
749 1274 12
749 375 5
1647 1636 62
1647 1 2
1647 879 34
1647 1378 72
1419 1323 96
1419 774 92
1419 2311 87
1419 601 22
2244 2351 23
2244 1375 13
2244 458 33
2351 443 29
2351 635 10
2351 445 9
306 883 8
306 1886 68
306 1322 12
306 1761 93
1617 544 98
1617 57 50
1617 2438 74
354 1621 41
354 2341 66
354 245 28
354 1800 61
1621 8 6
1621 76 54
1621 1460 97
1116 1656 35
1116 1887 46
1323 281 64
1323 923 76
1323 2117 67
166 1852 22
166 1969 24
166 1036 14
1560 902 96
1560 2154 7
1560 740 57
1560 1557 67
916 2010 74
916 1136 60
916 2453 70
689 1318 93
689 2337 8
689 292 24
689 88 20
1318 1406 51
1318 2024 57
1318 2268 18
1466 2407 51
1466 1839 89
1466 1223 42
2407 2293 53
2407 69 80
2407 291 65
2407 1194 20
1167 36 74
36 2448 57
36 2336 81
46 1855 37
46 1478 25
46 1836 57
46 1016 46
1855 243 12
1855 2390 49
87 1803 29
87 249 79
1207 2412 23
1207 971 100
1207 1472 100
1207 1704 73
1207 1095 57
2412 1284 90
2412 2365 81
2412 154 39
766 1915 26
766 1290 64
766 1118 20
1915 2393 95
1915 1710 95
1915 2122 32
1738 1782 31
1738 815 4
1738 1376 14
1738 1164 53
1738 85 13
1782 373 96
1782 2462 33
1782 688 79
261 467 24
261 2068 65
261 1993 20
261 2303 68
261 76 68
467 124 80
467 70 74
467 516 57
1792 2284 54
1792 1282 66
1792 1163 38
1792 2488 82
2284 1473 38
2284 1050 61
2284 1527 68
8 2273 43
8 1115 14
8 2393 30
2273 1154 41
2273 207 80
2273 880 20
2076 1350 83
2076 1989 60
2076 2231 31
1336 2182 98
1336 732 47
1296 1851 37
1296 968 27
1296 1815 74
1296 219 35
1296 107 85
1851 691 4
1851 2302 83
1851 908 97
588 2030 37
588 194 40
2030 739 18
2030 605 7
2030 978 16
2030 2427 83
883 1385 15
883 1185 55
366 1163 40
366 362 92
366 31 10
366 1189 89
1163 2316 15
1163 1957 67
1163 1785 73
815 989 8
815 1730 33
815 1951 30
989 2078 93
989 536 84
989 1498 61
989 629 26
452 937 42
452 1211 83
937 456 29
937 218 89
937 1268 16
407 1689 49
407 901 24
407 1115 27
407 620 48
407 2442 29
1689 2009 100
1689 479 80
1974 1931 28
1974 999 64
1974 2313 55
704 1844 33
704 1289 47
704 1362 68
704 2230 36
902 2404 6
902 180 58
24 1291 91
24 2282 57
24 80 66
1291 2480 90
1291 1934 88
1291 47 100
566 2191 86
566 2074 62
566 1378 42
566 1043 55
629 1630 45
629 804 63
629 2272 64
629 2088 69
1630 1806 48
1630 1933 20
1630 1654 13
1099 1381 99
1099 2286 92
1099 1398 12
486 827 34
486 1071 55
827 866 9
827 21 4
827 890 25
859 2092 45
859 1898 30
859 1889 16
859 1636 22
859 186 3
2092 1958 24
2092 1417 81
867 1458 99
867 1932 6
1458 1068 76
1458 1281 50
748 2261 96
748 2384 54
748 1381 26
748 1672 51
2261 2350 65
434 1805 48
434 1437 40
434 365 58
434 2141 53
1805 260 64
1805 1272 9
2475 274 87
2475 284 82
2475 2484 64
2475 483 14
425 1756 28
425 485 15
425 29 67
1756 157 61
1756 173 83
1756 1868 33
951 1748 15
951 546 16
400 1699 57
400 1289 59
400 480 55
1699 1933 73
1699 2323 34
1699 150 80
558 1053 97
558 539 24
558 2314 60
558 2250 85
1053 1825 32
1053 1008 76
1053 727 11
499 740 58
499 1914 27
1573 1098 12
1573 912 81
396 1405 62
396 1945 97
396 379 19
1405 2337 59
1405 1776 46
1405 1507 40
1405 1962 31
694 833 95
694 1063 21
694 663 89
694 1102 14
833 1732 96
833 2385 93
785 1402 22
785 1949 27
785 1239 61
785 2391 49
1402 304 47
1402 1644 67
1402 738 60
1402 1598 26
1252 2036 52
1252 1780 40
1252 1516 31
1252 1228 14
2036 828 14
2036 730 90
2181 2499 11
2181 315 98
2181 922 96
2181 2272 92
2181 586 91
2499 1916 66
2499 1120 4
2499 1718 64
1821 69 49
1821 545 66
1821 373 25
303 1069 28
303 1319 68
303 1179 57
1069 1754 56
1069 682 7
1069 1859 83
917 2460 76
917 235 3
917 284 10
917 593 36
2460 820 40
2460 1403 65
2460 1659 1
309 2052 94
309 563 76
309 953 97
2052 912 95
2052 2205 40
2052 761 90
2052 645 9
715 1013 87
715 1164 41
1013 822 20
1013 2285 97
1013 119 74
756 822 5
756 2111 24
756 966 43
756 686 85
822 981 70
33 398 59
33 1251 27
1983 2376 80
1983 477 58
1983 1590 37
2376 1096 21
2376 1852 3
2376 2119 40
2376 2405 16
156 2483 11
156 370 76
156 1688 49
2483 601 50
1364 1260 83
1364 311 62
1463 1904 40
1463 1893 29
1463 2084 22
1463 125 59
274 2140 85
274 1774 85
274 692 37
180 2288 70
180 178 96
2288 308 97
2288 2368 2
2288 2393 23
591 1085 29
591 1747 35
591 1612 82
591 1299 95
441 2242 75
441 2291 83
441 1490 50
1033 1709 9
1033 1827 90
1033 1324 13
1033 455 32
1709 1705 56
1709 1660 50
2111 871 39
2104 1616 100
2104 1219 91
1334 1822 29
1334 852 100
1334 329 70
1334 1499 9
1334 626 44
1822 584 100
1822 623 74
1822 1050 35
1822 367 20
1182 2448 57
1182 34 94
2448 2422 70
2448 170 75
2448 2280 80
2451 264 99
2451 516 41
375 579 66
1901 161 59
1901 753 37
1901 1222 72
161 2325 64
161 2168 1
615 2132 37
615 1931 45
615 1068 23
289 1268 3
289 1420 94
1268 1510 61
1540 1501 33
25 1195 33
25 2068 26
25 479 70
25 2071 1
1195 481 86
1195 984 2
1195 1030 68
367 2127 13
367 426 99
367 142 30
2127 1998 93
2127 1999 70
2127 1118 42
795 586 66
795 1172 40
795 938 29
296 1200 81
296 529 5
1200 2125 62
1200 2348 99
469 840 20
469 620 54
288 787 41
288 584 86
288 645 76
288 459 43
288 2330 39
787 1045 15
787 904 17
787 2269 76
787 2182 96
430 1136 55
430 504 17
430 563 54
430 601 18
430 1098 81
1136 240 44
1136 703 64
1136 1311 31
987 2491 13
987 737 90
987 402 38
1933 965 66
1933 414 99
1933 1643 33
148 632 56
148 96 27
148 507 38
148 979 75
632 34 48
632 1642 10
632 1628 17
127 592 75
127 16 16
127 1007 36
127 1378 79
495 2433 95
495 1056 94
495 1221 20
495 915 45
2433 444 4
2433 2325 95
1427 1357 7
1427 1651 44
1427 63 60
2362 2398 99
2362 242 57
2362 924 56
2362 1127 71
2398 1940 6
2398 1343 6
2398 535 64
2398 1359 73
2337 2197 77
368 1014 27
516 2106 41
516 669 59
1507 1017 59
1507 401 52
1507 1951 61
247 2395 50
247 2491 56
247 1943 12
247 1769 90
369 1920 6
369 1836 54
369 1211 29
369 384 53
1920 1346 4
1920 1656 21
489 2251 23
489 1905 85
2251 163 56
2251 1497 60
2251 1401 83
1029 958 11
1029 1010 85
1029 370 54
1497 1546 6
1497 1493 68
1497 2383 34
1497 2196 18
1546 1667 4
1546 2141 48
1546 2042 81
311 2247 44
311 2482 64
1667 1492 74
1667 1322 18
1667 972 90
971 631 34
971 874 49
778 1041 15
778 1963 82
778 1712 48
778 418 46
1041 1372 44
1041 1493 95
1041 1882 22
1403 958 82
1403 700 62
646 249 90
646 2320 81
646 1867 40
601 1381 74
2316 2379 3
2316 325 83
2316 405 12
887 2152 11
887 2254 28
887 1017 57
887 1072 92
887 939 30
2152 907 14
2447 1893 21
2447 95 80
2447 949 3
348 2103 64
348 976 30
348 663 13
348 1327 50
348 1949 73
2103 1223 79
2103 1194 35
361 2042 55
361 1293 27
361 1438 99
2042 1211 49
323 1521 8
323 1769 84
323 1384 69
323 545 6
1521 2302 42
1521 2374 90
1521 1445 76
1128 2480 86
1128 2097 78
1128 1964 72
1128 1700 53
1645 2363 16
1645 475 69
1645 2038 85
1645 1644 53
1434 776 23
684 2439 71
684 2343 17
684 154 58
684 480 17
2439 248 47
2439 1759 53
2439 1723 7
1620 398 47
1620 882 68
1620 1570 61
806 1382 62
806 2478 40
806 1664 98
806 705 51
806 320 1
1382 185 3
1382 1681 50
1382 1591 90
245 820 41
245 2003 81
245 2326 33
245 2075 21
820 136 75
820 1356 3
1680 2406 82
1680 2082 26
1680 717 80
1680 2154 2
62 1638 23
62 582 52
62 810 62
62 658 25
1638 640 25
1638 2154 3
1638 153 71
406 1411 89
406 1844 69
406 2327 70
406 1031 42
406 346 22
1411 465 80
1411 955 94
1411 485 40
1411 737 21
975 2154 69
975 1686 99
975 1932 100
612 1287 91
612 1522 51
612 2280 94
1287 1133 33
1287 599 72
2145 109 82
2145 1967 27
2145 1276 84
1026 1824 75
1026 1228 78
1154 1538 4
1154 2497 61
1129 532 93
1129 2194 69
928 1422 40
928 551 78
1818 2231 84
1818 1693 53
1818 821 32
744 2345 86
744 1008 48
744 100 63
744 2174 88
744 1666 57
2345 466 99
2345 1199 35
2345 2197 18
427 2409 51
427 358 14
427 2293 1
427 1664 27
2409 1861 50
2409 1766 85
653 1934 53
653 55 67
1934 2118 1
1934 540 5
250 1835 74
250 44 29
250 1824 42
1012 821 5
1012 1715 91
1012 2401 38
1208 266 48
1208 2493 81
2194 19 82
2194 1062 20
2194 1687 70
1084 1339 35
1084 930 40
1339 1552 89
1339 1284 9
1339 948 50
812 880 95
812 938 69
812 1534 97
880 1551 71
880 316 28
880 1043 14
924 1481 5
924 573 56
154 1717 12
154 1732 92
957 2368 20
957 1068 17
957 241 50
1703 1931 55
1703 384 54
1703 2097 93
13 1493 20
13 1622 15
13 656 68
703 829 62
703 2009 30
703 394 36
829 755 61
829 182 6
829 984 12
1144 1186 33
1144 412 42
1144 1601 26
1144 1596 15
315 364 65
315 768 98
2235 229 47
2235 1754 82
2235 2066 73
1333 2148 71
1333 53 29
1333 2303 72
2029 1878 2
2029 2323 26
2029 1240 14
2029 2406 92
97 1958 15
97 2489 60
97 688 29
97 1220 39
97 617 67
1958 974 37
1958 143 89
253 2471 26
253 1179 36
253 1804 47
2471 16 5
2471 2373 26
2471 103 80
485 1065 17
485 811 24
790 2122 67
790 751 94
774 1269 8
774 1422 76
574 1479 80
574 904 47
574 2118 56
574 1937 67
1479 1766 22
1479 218 77
1399 1022 77
1399 1274 29
1399 1692 20
229 2166 55
229 1123 86
229 2220 37
229 459 53
2010 2300 1
2010 1157 84
2010 1018 54
1068 1758 38
1068 1394 9
1758 2307 82
1758 780 51
1758 1058 78
1758 901 24
266 316 56
266 1543 43
266 2455 59
266 906 45
316 1388 84
144 1373 26
144 814 64
144 1115 57
144 1972 83
144 1445 12
1373 1765 85
1373 999 90
1373 1139 74
1522 1928 96
1522 540 50
1522 2151 56
1928 1769 66
1928 1867 62
1928 1460 83
236 2130 16
236 1 93
236 797 55
236 431 54
236 411 16
2130 2158 58
2130 458 30
719 786 90
719 1511 17
719 1562 29
719 2230 77
786 1386 45
786 244 68
786 2415 12
786 2455 74
624 963 54
624 77 20
624 1879 44
624 608 18
624 1947 38
963 2080 83
963 63 2
963 193 16
990 1286 70
990 1796 28
1286 668 83
1286 784 41
1286 90 98
248 383 48
248 420 100
383 293 61
383 633 67
383 998 8
2170 346 98
39 1212 47
39 2118 29
39 896 63
1212 1997 49
1212 1835 20
2068 22 1
2068 2007 82
2406 1476 79
2406 468 69
262 1837 49
262 1234 2
262 1632 40
262 831 62
1246 1656 92
1246 310 95
1246 1457 74
1656 2367 62
1275 521 51
1275 1311 39
2 1037 63
2 2323 55
1037 542 71
1037 351 57
695 1401 75
695 1312 63
695 584 83
695 491 10
1372 2459 58
1372 2123 85
1372 365 30
1372 1987 32
894 2113 41
894 1070 57
894 1432 22
894 2395 89
2113 761 32
2113 1685 38
281 1535 47
281 1418 9
281 1085 57
1254 1601 4
1254 2286 55
1254 417 8
1601 2049 98
1601 1765 45
1947 509 97
1228 2403 1
1228 494 95
1228 2283 44
2403 2454 48
1804 2041 99
1804 2339 84
1804 2245 49
1804 2099 92
2041 779 71
2041 758 89
2041 435 82
2041 2401 33
1493 1745 12
855 1074 71
855 1751 75
855 934 79
855 1551 80
855 1590 59
1074 2314 88
1074 241 37
1659 457 66
1659 1852 16
1659 2238 40
1420 1349 83
1844 614 74
1844 2143 50
58 915 43
58 1040 80
58 2186 91
915 1478 6
60 1683 2
60 981 49
60 494 6
60 2146 22
342 445 83
342 2046 68
342 857 16
445 7 70
445 1457 88
106 2383 80
106 707 84
106 333 70
106 739 17
2383 1733 90
2383 1322 29
2383 1803 69
207 732 72
207 1343 77
207 1840 59
1079 614 58
1079 155 49
853 2088 39
853 2442 7
853 648 16
2088 1795 53
1494 2350 87
1494 2222 32
1494 130 16
2350 1692 56
1713 1468 59
1713 157 80
913 1321 91
913 597 46
913 110 3
913 1498 30
913 1968 36
1321 709 4
1321 1280 70
1321 1593 90
1321 1274 30
1350 767 34
1350 607 7
775 1616 31
775 2393 18
775 1385 89
1616 1460 19
1616 2368 27
656 936 47
656 387 13
656 390 16
2486 324 79
2486 881 12
2486 211 27
2486 1561 89
1335 2478 22
1335 1197 88
1335 484 13
1335 563 1
1335 317 50
2478 2400 31
2478 736 36
1510 2479 21
1510 1088 98
1510 746 9
1510 1561 60
2479 1417 24
2479 1271 95
539 1538 100
539 2425 40
539 2070 34
1516 2249 15
1516 634 40
1516 2147 7
1226 2427 66
1226 631 70
1226 698 39
1226 1448 31
1226 11 7
2427 1755 2
2427 1800 27
482 2158 69
482 1724 94
482 1000 32
482 2359 88
2158 1300 76
597 214 63
597 1508 1
456 2349 96
456 1803 28
325 2453 84
325 1623 68
27 53 38
27 683 38
27 251 75
27 2397 19
1071 1615 43
1071 1706 23
1071 1882 60
103 526 85
526 2303 59
526 1914 57
526 1903 34
526 968 44
480 142 17
480 1873 40
1519 1365 9
1519 2097 18
1519 1010 11
1519 2249 21
2474 742 45
2474 1636 65
89 1008 22
89 2231 68
1008 1867 39
1008 21 40
1042 2094 52
1042 2242 60
1042 397 41
2094 214 2
2094 734 100
2094 614 17
2094 1909 90
405 985 62
405 402 15
985 1849 16
985 1829 48
985 2135 72
1666 2187 40
1666 1570 84
2187 1280 73
2187 2462 8
2187 634 1
2187 378 63
439 1801 44
439 611 73
439 1089 20
1801 630 33
1801 365 43
1801 1243 100
81 328 19
2453 109 90
423 1527 30
423 243 59
423 804 27
1527 1595 30
1527 82 51
660 852 23
660 1221 73
2303 1549 29
1197 29 94
1197 1914 56
1338 2168 36
1796 1684 52
1796 2358 76
1796 2415 80
1796 1847 41
278 2462 21
278 1166 58
278 111 31
278 191 90
278 88 17
2462 1385 56
522 453 83
522 2226 11
522 2347 39
2384 143 96
2384 435 24
2384 552 27
1449 2202 16
1449 761 37
1449 1009 33
1449 770 39
2202 443 99
2202 1905 32
609 2454 66
609 2314 3
609 1632 22
609 2469 71
2454 1755 74
767 15 12
767 877 63
1987 2144 87
2062 2365 22
2062 2117 75
2062 344 69
2062 1367 88
2062 2339 84
2365 528 35
2095 192 22
2095 2312 87
2095 895 13
1725 1962 41
1725 1080 46
1725 200 87
1725 575 34
1962 2293 86
1849 513 7
1849 2215 53
2272 74 33
2272 85 28
2154 212 55
142 1009 94
142 2484 61
999 1592 4
999 2016 43
1592 2044 66
1592 931 93
1592 640 59
64 500 15
293 724 11
293 1276 89
1669 2326 71
1669 372 21
1669 1401 1
1669 852 55
2326 232 78
2326 1523 76
77 2485 50
77 362 4
77 133 9
77 2044 78
2485 251 96
2370 2373 6
2370 1654 100
2370 1776 99
2370 959 15
2373 1106 90
11 899 33
11 1425 65
11 1862 11
11 1800 63
899 1875 18
1407 1508 63
1407 1347 11
1407 465 26
1407 1586 81
1508 1698 16
1508 2005 48
1508 52 13
457 1837 96
457 1854 55
240 326 49
240 444 69
675 709 80
675 1751 21
675 2038 37
675 782 11
1390 1985 65
1390 319 15
1390 1414 1
1985 1092 59
1985 598 92
953 1193 67
953 746 16
953 1043 97
1193 1429 95
1193 461 20
1954 2128 64
1954 151 100
2379 224 43
2379 2191 3
2379 1115 75
2379 1367 68
1741 2466 78
1741 1625 10
1190 1118 72
1190 981 81
1190 0 55
1828 828 3
1828 1732 22
620 2188 47
620 496 45
620 343 88
2188 1102 65
2188 2429 24
2188 2415 46
251 1833 77
251 94 20
1833 779 70
1833 1787 67
1833 1781 79
1833 2385 73
738 2047 24
738 1903 36
130 1224 87
130 2231 51
130 55 49
1392 1886 54
1392 2385 43
1886 754 87
1886 476 6
1006 2116 50
1006 151 58
1006 2388 91
1006 1442 96
1006 863 39
2116 1683 63
2116 385 58
143 1797 20
143 9 41
636 1499 20
636 633 36
636 2259 5
636 2065 51
1499 2363 23
1730 1199 35
1730 378 7
1730 936 20
1107 637 94
1107 301 17
1716 2397 92
1716 1004 4
1716 2227 97
2397 216 28
2397 739 63
2397 531 58
960 1596 79
960 322 18
960 753 3
1596 2243 28
1596 153 25
776 1775 68
776 1462 22
776 861 13
1765 1223 78
1765 120 28
1787 1977 82
1787 1557 53
2144 2285 68
2144 1576 27
2144 2105 81
2285 1870 39
2285 1917 67
1960 2490 87
1960 701 46
1960 2233 83
1960 38 48
2171 2286 100
2171 1994 28
1889 1767 75
392 1031 86
392 145 1
392 761 86
392 1379 81
392 2214 71
1031 329 97
1031 732 5
1031 319 58
435 534 16
435 2497 75
435 737 51
31 204 46
1106 1900 12
1106 1776 37
1106 804 62
1161 1478 50
1161 618 58
1161 768 48
1161 2079 45
1478 648 83
2174 1477 98
2174 98 78
2200 2242 29
218 194 74
2295 1618 54
1255 1305 49
1255 466 28
804 2264 18
804 29 53
2264 432 27
2264 2302 95
575 1979 58
1231 1550 79
1231 1352 64
1231 1235 66
1231 2075 63
1231 2354 26
1550 1727 72
1550 696 32
1550 69 51
1404 2382 68
1524 1543 92
1524 771 70
1524 101 65
1524 1751 39
1543 1597 91
1543 920 53
1543 1421 70
171 752 84
171 1219 36
171 966 75
171 1440 51
752 1082 35
752 825 41
752 934 10
752 1840 1
1574 979 67
1574 2464 70
1574 2319 23
386 82 40
386 1536 8
386 1393 41
157 1362 38
157 2430 63
1852 1685 17
1865 2186 25
1865 580 73
1865 2128 11
1865 447 50
2186 1410 93
2186 607 40
139 655 15
139 330 86
139 1032 74
655 2301 71
655 1872 28
696 1512 64
696 1312 40
696 1547 99
696 107 53
1512 843 17
1512 258 61
1512 1696 33
1512 743 73
314 1530 20
314 1623 43
1688 2260 60
1688 1754 79
1688 186 100
1688 2147 34
2260 2294 52
2260 2269 78
2260 1968 60
903 2219 53
903 1511 83
903 2374 66
2219 111 47
404 1995 30
404 1418 76
304 1429 85
304 2114 75
304 2215 24
2231 206 64
658 2388 90
658 877 81
658 931 27
2388 569 47
2388 1470 93
2388 1745 21
670 1459 24
670 1452 25
670 1060 18
1459 2132 28
1766 2301 67
1766 1784 68
1766 61 86
2301 781 12
2301 1067 60
1398 2420 17
1398 1472 22
808 1056 88
808 2367 32
808 814 42
1056 1432 60
1056 2150 82
618 1649 95
618 1639 20
618 869 34
1341 411 61
1341 1282 38
1341 2207 99
324 1882 84
324 1609 60
324 536 36
324 2191 14
1882 1243 11
181 1308 62
181 1464 17
181 1080 97
181 1311 31
181 84 61
1308 1676 41
1308 563 21
912 2098 43
912 388 71
912 1444 52
1603 1906 41
1603 1663 95
1603 534 72
1603 1909 99
1906 2025 62
1906 2071 97
2003 633 42
2003 45 44
2003 1 71
771 1879 49
771 1813 75
771 1265 90
2320 507 74
2320 1242 71
297 939 91
297 468 89
297 1090 86
2129 188 64
2129 1476 65
1177 1105 4
1177 175 36
1177 2490 12
2487 1032 4
2487 1343 88
2487 2400 27
177 492 44
177 639 71
492 504 95
492 5 69
492 1652 48
492 2217 64
753 1362 17
753 691 99
753 1300 62
1362 1747 78
1696 178 78
1696 188 94
948 1049 52
948 283 43
948 2387 56
948 1474 54
1049 519 92
1049 37 58
1049 768 46
638 2055 9
638 1482 11
638 515 52
638 2205 72
2055 242 81
2055 272 72
2055 1991 43
242 634 26
242 455 78
751 885 89
751 1055 100
751 1214 4
885 228 64
885 1606 75
885 1223 5
885 431 65
1997 895 52
1997 1523 5
1997 122 54
1997 1567 61
1211 1809 98
1809 1859 96
1809 848 92
1809 1767 43
1809 1999 52
2146 282 21
2146 212 80
2146 272 26
947 1470 75
947 730 65
947 2246 100
947 279 22
1470 1572 44
1470 2153 21
1470 432 58
730 1614 64
730 310 57
272 2125 31
329 1233 36
329 140 92
1714 871 10
1714 2153 4
1714 901 98
47 395 19
47 443 13
47 282 35
395 710 19
395 135 68
1726 1126 36
1726 416 43
1726 1661 5
1726 255 93
2361 1448 92
1769 683 18
1769 1967 31
1545 2028 32
1545 1586 47
1312 1102 79
1312 1454 76
137 2249 84
137 2119 73
895 2294 5
895 2148 98
1526 2183 77
1526 124 66
1526 186 72
1526 1595 2
2183 6 6
2183 2199 98
2183 958 16
260 538 29
260 98 1
260 2057 45
260 1749 31
483 1325 28
483 1911 73
483 1168 84
483 1025 48
1325 1663 48
1325 1786 38
1325 1535 52
1325 1272 90
123 1300 54
123 1979 86
123 863 43
123 2245 2
1898 1718 44
1670 1622 23
1670 1164 6
1670 1748 36
1670 1548 15
101 2162 14
101 546 28
101 874 57
2162 1238 88
2162 1598 31
2082 150 17
2082 351 21
411 759 55
411 2444 64
1986 2410 83
1986 2066 46
2410 2482 76
2410 573 73
2410 691 5
1082 633 54
1082 2438 82
1082 1991 89
1552 571 74
1552 1776 99
1552 2416 91
1552 2167 89
1683 549 78
2197 420 45
2197 921 98
1332 1549 4
1332 1201 37
1332 431 15
1332 1614 29
1549 211 20
1258 661 38
1258 402 31
1258 2394 86
1998 1888 33
1998 55 81
1046 1909 6
1046 454 13
1046 2348 89
1046 770 58
1046 1065 96
1909 702 17
1909 1157 43
1088 2091 1
1088 1511 31
1088 475 26
2091 54 18
919 1087 88
919 1221 94
919 1547 31
919 155 80
1087 831 48
1087 2275 75
592 1973 42
592 210 86
592 608 5
954 1044 10
954 1474 100
954 82 91
954 2422 100
954 2294 83
1044 2124 41
1044 736 74
1044 1973 45
1044 709 39
124 100 96
2044 2135 11
2044 733 92
2044 538 79
2135 841 24
2135 699 43
529 757 70
529 1531 76
757 1172 49
757 185 73
757 732 7
998 1501 64
998 418 4
998 587 93
1501 1011 98
1501 2445 76
1465 307 33
1770 2017 7
1770 1676 99
1770 2074 90
1770 320 42
1770 216 96
2017 1628 42
2017 1582 41
436 1239 84
436 1331 34
436 1836 29
1239 1622 12
1239 1022 47
1239 939 28
2220 2482 41
2220 2050 4
2220 2323 38
2349 1662 18
2349 657 5
2349 1205 73
2349 2243 75
562 1055 30
562 1238 86
562 1826 16
1055 699 15
1055 1891 53
1055 931 56
136 1051 67
418 818 5
418 1214 77
818 1317 15
818 120 86
818 1642 67
390 1473 63
390 2150 87
1473 659 96
1473 1648 61
1473 1570 77
580 587 12
580 608 50
587 222 28
587 874 6
587 2342 69
1697 417 11
1697 1567 25
1697 1614 27
637 2289 80
637 668 100
637 1454 70
637 1941 58
2289 1829 75
2289 631 76
2289 798 60
1221 1070 14
1221 1643 54
1924 249 79
1924 2124 38
1924 1826 15
1924 1841 53
51 2372 56
51 896 37
51 1412 32
840 972 56
840 1649 2
840 546 54
840 1612 59
682 1887 100
682 2299 72
1887 762 73
1098 1972 78
1098 1467 79
901 1139 57
901 1151 67
1707 602 58
1707 1763 76
1707 843 39
401 598 1
401 353 91
401 784 100
598 617 43
598 955 79
598 104 56
801 1700 21
801 1571 10
801 578 46
1700 40 78
848 1062 86
848 519 11
848 1257 13
1628 661 10
2049 37 3
2049 1785 65
2049 1189 1
617 1234 36
370 2416 2
370 147 72
2416 2247 10
2416 1215 78
413 837 24
413 451 57
413 692 97
837 716 69
837 631 97
837 923 89
837 50 34
93 1384 62
93 1058 37
93 1502 97
93 861 49
93 1538 19
1384 1892 80
1384 1634 14
1384 1259 78
1223 1759 4
519 1492 54
519 1606 81
519 1285 32
1492 2098 48
779 2217 70
779 2382 73
779 1282 43
378 121 30
319 814 14
821 1113 69
2147 1671 30
2147 1776 41
432 2139 32
432 1285 94
432 1034 20
2139 967 20
2139 1677 89
2139 1452 85
2139 2149 77
29 1926 41
550 2098 93
550 1222 17
550 1831 40
70 1723 55
70 1111 73
1723 1903 68
856 1649 25
856 1454 69
856 1564 23
856 1376 89
1649 1461 14
1590 1644 79
1644 85 68
1644 421 15
633 532 17
1085 88 99
1085 586 19
188 1120 43
107 743 85
107 1597 7
107 2046 64
743 1149 21
743 1893 18
743 1867 94
1072 1654 63
1072 1893 74
1072 2286 87
1654 981 38
1654 1806 51
1095 1786 74
1095 1941 54
1095 1429 8
1786 2442 64
1786 605 22
1786 2050 95
1931 1671 84
0 1785 72
0 416 86
0 1964 24
0 2065 33
1785 199 19
841 1030 97
841 472 64
65 1685 27
65 602 70
65 1890 43
65 1841 21
65 2247 24
1685 385 68
1685 978 3
582 2140 71
582 1673 33
2140 2245 84
2140 461 97
630 1127 77
630 1410 81
1133 1319 78
1133 353 79
1133 1151 44
1955 782 91
1752 264 68
1752 1825 69
1752 79 45
1025 176 86
379 626 35
379 1791 81
379 2050 22
330 1673 35
330 1002 54
330 172 18
330 1067 96
1673 333 26
1673 616 10
741 803 2
741 1023 71
741 1764 81
2300 459 64
2300 2061 83
1681 2246 7
1681 2367 95
178 1253 98
634 243 11
634 1840 76
534 1482 97
534 1040 38
534 1532 28
285 1004 42
285 307 98
285 1094 96
285 1879 96
285 1951 71
1004 16 89
1004 1908 43
465 191 77
1445 1240 20
1445 243 44
86 1289 33
86 2016 18
86 845 16
1289 1893 17
2367 140 15
2367 1571 99
484 1568 32
484 476 93
119 2405 52
2405 2269 65
2405 2299 94
2405 270 67
99 1152 51
99 1994 10
99 497 85
563 1774 62
234 2328 88
234 147 32
234 382 54
2328 192 64
313 152 32
2385 2341 24
2385 2074 52
1224 920 75
1021 1166 10
1021 1331 31
1021 2472 82
1166 521 36
2046 523 53
2046 291 31
2046 1848 58
135 2470 5
135 2232 15
135 530 19
135 1040 58
2470 1421 99
2470 508 17
68 1248 85
68 1051 12
68 2457 47
1248 1763 50
1248 569 71
1248 192 90
1248 1238 30
1824 2429 93
1824 326 34
2429 1932 96
2429 2408 100
1676 2372 19
1676 53 18
700 707 4
707 1149 50
707 1536 31
1092 1101 16
1092 673 21
1092 476 64
1541 1265 25
1541 1455 16
1541 2232 11
1424 1677 75
1424 2408 40
1677 523 12
1677 2016 99
1677 573 37
211 1418 1
1418 698 68
1418 890 2
1356 2445 77
1356 90 94
1356 182 52
1356 1652 59
2445 2459 35
2445 836 29
552 1123 33
1002 897 21
1058 1891 2
282 1953 52
282 1209 35
2222 2108 76
2222 1825 22
1784 2085 94
1784 1293 42
992 150 7
992 451 68
569 1349 74
674 1249 15
674 2461 12
674 104 98
1615 2389 97
1615 1355 8
2389 531 85
1837 1284 84
1837 2358 76
2071 896 45
2071 1690 23
243 1090 56
1090 1861 42
1090 872 68
35 305 46
35 1715 85
35 1600 48
509 799 25
509 199 2
1118 1704 34
1118 90 47
1704 2276 28
1704 866 73
2341 1433 89
2341 1050 49
1352 1747 54
1352 1359 10
1352 528 12
1352 1054 24
1250 1365 32
1250 1024 2
1250 2255 20
1250 1566 55
1250 1011 82
1365 1263 38
444 110 95
1062 1642 50
1062 1057 81
1062 1826 76
322 723 39
322 1320 78
322 75 70
723 54 84
723 1904 18
2364 2490 26
2364 1050 32
2364 2372 26
2364 121 76
2364 1307 74
2490 153 51
2490 357 37
1979 538 60
2108 1813 77
2108 780 51
2108 542 32
1050 1096 31
420 1204 45
420 1611 37
1643 1802 6
1643 906 59
7 1665 70
1845 19 4
1845 593 100
1070 344 39
906 2356 99
906 1671 39
906 1028 45
2356 2047 6
2356 825 46
2356 1764 4
2356 2026 90
2066 1564 92
541 1440 62
541 874 90
541 2025 91
1440 544 85
921 1661 70
921 382 33
921 2419 27
1661 460 13
1661 373 82
959 2342 16
959 351 84
398 1357 58
398 792 66
733 528 67
733 2394 20
1380 1717 32
1380 273 51
1380 1299 88
1717 817 2
1717 965 28
611 1569 27
611 2463 35
1067 1900 42
1067 2022 47
1900 1317 77
1900 1826 96
1900 623 5
224 661 80
224 2242 39
224 2102 41
1317 1457 13
1317 80 12
1317 1015 10
1989 2296 11
1989 2166 79
2296 2472 19
2296 926 13
2296 871 49
2296 1051 70
2305 701 74
2305 2290 8
2305 1094 80
1040 958 49
1040 1878 37
22 1781 94
814 545 92
2182 666 45
2182 1437 88
384 1964 35
152 2395 53
152 1490 85
2395 2166 8
2395 85 14
2442 1481 82
2442 1051 70
852 1627 90
852 2217 49
453 571 99
453 2469 84
389 1032 66
389 1686 33
389 292 89
1032 461 89
310 184 44
94 1343 49
94 167 8
94 699 60
1343 2444 26
1639 255 66
1639 2354 10
2106 2184 100
2106 1377 28
2106 2472 73
2106 2286 12
2184 1394 42
2184 1841 76
2184 1173 78
1888 2167 62
1888 690 63
1888 32 63
150 1165 6
568 2118 9
69 513 18
69 72 60
1273 2489 92
1273 1438 65
1273 1281 31
2489 1648 25
2489 191 70
1199 2311 78
2311 2040 2
578 1698 12
578 1973 69
2217 2294 1
2294 1215 32
1735 2025 85
1735 1850 26
2025 255 50
2025 1242 2
100 792 22
100 1086 3
100 1859 44
1687 2250 62
1687 1344 35
2250 1328 11
176 2334 58
176 1781 50
2334 680 18
2334 560 34
1346 542 46
1346 71 78
1346 2313 28
1346 464 62
2168 934 20
640 1757 68
640 1937 77
2276 2299 43
2276 1745 66
2276 1394 53
1007 1976 53
362 1450 73
362 2199 6
661 1926 23
1571 1480 36
2343 219 50
2087 2318 7
2087 1684 4
2087 922 98
2087 2078 7
2318 727 2
2318 491 57
2318 1034 38
2318 836 92
1024 1774 87
1024 691 42
1024 498 74
1774 1467 65
1774 2122 9
2097 698 65
1892 1971 61
1892 1375 45
1971 2425 22
1971 1959 50
189 1030 35
189 493 12
189 935 45
189 387 95
189 305 30
1030 1168 48
1030 2255 75
235 2016 33
235 1862 53
235 1917 37
1912 845 17
1912 1595 91
668 542 9
668 1705 90
668 2243 14
1065 292 55
1476 544 20
1476 2142 81
1476 1249 48
1421 817 43
1421 791 89
279 394 10
1712 2390 50
1712 327 81
1712 1202 11
1712 1562 22
358 2099 72
358 172 81
216 294 78
216 74 11
42 1663 13
42 923 17
42 2419 100
1663 2401 63
1663 2141 73
2125 1551 36
1022 1727 9
784 1253 71
1253 346 48
1795 2280 40
1795 2387 14
1795 206 43
2280 1566 88
497 1425 36
497 1981 59
497 2028 63
1425 1324 40
890 1127 89
890 1464 92
1127 1648 53
740 2057 11
740 1948 35
2134 2176 57
2047 1010 41
2047 1977 32
264 2425 44
264 2070 87
2269 1598 65
1410 1011 47
1410 1094 33
167 1267 93
167 1450 38
167 770 15
167 1256 31
1267 1109 14
1267 1311 18
709 1113 25
385 931 63
385 1710 34
385 781 39
639 2016 8
639 1357 74
475 861 78
475 970 59
475 79 34
908 1386 15
908 1000 25
908 409 12
1386 170 73
2275 1455 9
2275 1278 45
2299 2233 74
2299 1120 4
1904 1568 84
1904 1799 100
1437 122 46
1437 1535 74
1814 1023 6
1814 79 19
1814 1327 52
1582 1256 73
1582 2007 73
972 926 59
45 472 20
45 493 91
45 1366 6
472 1023 39
52 1414 75
52 221 46
52 1260 22
1414 1825 3
1414 1607 85
284 754 75
754 1595 85
754 2363 25
2074 1598 84
1249 2079 14
1249 1233 63
1249 2038 9
1285 705 85
1023 1214 96
2057 1502 34
2057 1823 86
843 2009 14
843 2176 91
843 421 67
1727 2498 92
1727 930 70
1727 500 17
2498 1019 97
1664 2149 36
1751 2007 72
1481 2247 93
1393 448 46
1109 443 49
1109 758 40
1238 1593 42
1238 1618 44
138 1063 13
138 1051 50
138 228 2
817 1351 49
817 394 46
1351 1820 88
1351 464 47
1719 2327 98
1719 2207 50
1719 810 74
2327 147 61
1201 2401 77
1201 1077 16
1201 160 14
2401 1831 65
1111 1690 7
1111 110 57
1111 762 1
1690 798 63
1733 1000 86
2132 1060 16
496 705 67
496 9 16
496 1965 32
1284 742 42
2274 1281 97
922 2461 71
53 2214 49
214 1972 42
1825 2347 63
1523 1455 4
1523 907 25
2009 222 13
110 1320 18
426 657 54
426 2234 24
2325 1511 92
2325 479 60
2325 1558 77
1867 1457 34
50 508 75
50 828 41
508 1951 78
54 1569 33
353 125 75
353 1973 79
686 1827 56
686 1748 24
1151 2488 47
222 82 83
1331 1802 45
2098 1216 74
2098 2024 31
727 1433 2
1236 560 8
2363 2348 32
521 84 14
521 1873 13
521 19 84
1993 532 9
1993 872 38
1684 892 23
1684 448 99
1839 1600 10
1600 364 42
1648 1623 58
225 2457 69
225 2119 97
225 2278 37
2457 955 10
705 1412 87
221 1705 98
221 546 52
221 1344 20
221 1460 94
1705 1868 94
1705 1991 95
535 363 50
1406 1591 47
1406 657 10
1220 1446 83
1446 2004 46
1105 2102 36
1105 2411 35
1105 1567 94
2102 1189 76
2102 343 96
1868 1965 23
44 1802 23
44 666 17
2425 1080 26
1679 734 85
1679 155 76
879 1081 24
879 1951 88
34 1480 3
34 1460 80
34 1233 16
2319 1625 45
1422 1528 1
936 1045 8
936 219 79
1827 1280 96
532 1538 17
2258 210 53
2258 930 76
2258 74 82
1429 1272 54
2207 2456 81
2207 872 76
388 892 86
388 204 100
892 560 21
663 831 94
663 317 100
831 1672 65
1413 935 32
1413 1132 17
1413 635 79
2459 803 63
2459 1653 35
241 549 52
549 1612 68
387 1800 86
387 1000 75
965 2039 10
965 372 58
965 1043 34
1319 2234 74
1763 1589 14
1763 1813 88
1503 1344 59
1503 320 99
869 2040 10
869 811 66
1152 945 8
1152 614 10
1152 1802 76
1027 1215 49
1027 2002 71
1803 792 19
1803 173 74
1299 746 17
1299 2493 45
71 683 53
71 1081 37
1274 2150 65
1569 1564 85
1569 2391 61
1265 491 87
1265 364 26
477 1472 46
477 1761 80
477 1204 68
477 2444 5
76 363 6
76 273 20
363 1320 61
1113 2022 59
1113 1608 5
1113 2089 84
736 1806 54
736 1164 84
736 57 95
1806 1875 81
1622 1036 44
1577 2422 56
1577 2142 9
1324 1634 35
1452 683 36
825 1511 73
825 2291 82
825 2005 1
1401 2117 23
1401 1879 17
454 2227 42
454 2215 70
454 458 32
454 581 12
2232 1627 7
2232 2117 66
2232 67 42
2314 1609 38
2358 648 54
926 1391 35
926 1204 81
1391 1412 57
1391 1205 68
1391 120 42
1391 2436 77
2075 2123 67
466 226 10
466 1305 85
1859 1761 46
67 1293 34
1293 382 46
2227 1875 33
2227 1276 69
2143 95 34
2143 1593 55
1568 2428 46
1568 170 97
1461 96 66
1045 1940 73
1045 2391 50
939 2282 14
2282 1019 18
2282 980 48
1836 1605 84
1854 2105 67
797 1715 7
797 1959 67
200 1017 24
200 333 37
200 2290 5
200 2268 33
1017 186 12
140 737 72
140 226 41
737 2243 99
185 1977 42
185 970 92
1235 544 14
602 1034 24
602 1530 32
206 2380 20
206 79 54
2380 98 84
2380 2086 34
2380 1433 12
560 1718 92
1949 327 46
2166 249 22
153 659 39
111 1243 64
1490 1945 75
1734 690 36
1734 803 1
1734 635 81
1186 2322 11
1186 828 99
800 491 18
800 2080 63
540 2472 45
540 2128 43
1547 935 96
1547 1014 96
1718 2238 38
2238 1450 60
2238 147 51
2238 1242 2
173 1848 58
571 1174 26
1636 1061 41
1636 863 67
781 1797 100
781 978 72
781 1347 35
2150 1442 37
2150 391 95
195 1157 86
195 504 64
195 1561 42
1157 175 36
1627 1948 89
1627 967 76
1948 762 79
1948 2347 12
92 974 30
92 1281 15
845 220 61
845 1202 61
421 803 1
421 1036 46
421 2302 25
803 498 98
1204 758 65
1204 544 56
1357 193 73
1967 220 14
669 437 40
669 2374 62
172 1940 59
1940 230 51
896 1077 83
896 500 47
84 326 89
84 244 84
1576 1480 97
1576 1976 70
1576 955 41
1823 1240 19
1823 460 87
530 1595 80
530 1185 35
1462 1780 26
5 204 86
5 2226 50
204 2233 77
648 109 15
1202 995 78
1202 2234 8
1890 244 59
1890 1607 24
1890 458 76
1608 1078 84
2404 364 71
2404 32 10
1349 357 58
320 1132 89
1991 1813 94
1606 762 73
2191 1260 55
1724 175 75
1724 1891 23
1572 1566 71
1572 300 40
1572 1614 54
1263 1471 7
1263 1850 38
1263 1761 77
1263 2005 3
1471 95 26
1471 507 70
326 2099 31
326 2151 78
935 1015 4
1791 2114 45
1791 688 36
1764 1548 67
798 1671 69
1018 1558 89
1018 1307 99
133 2307 99
133 1347 8
2307 1019 89
1609 995 29
1609 61 93
791 232 10
791 1968 16
791 182 94
500 1278 86
500 2005 23
1438 2039 48
1438 357 59
758 1815 8
1379 1672 89
1379 1102 16
1379 372 23
1672 2348 95
1815 2468 56
1815 145 14
1815 1307 4
2468 949 97
2468 1028 66
2468 1454 83
1269 460 36
1269 1531 22
1269 1278 76
836 464 59
810 1902 76
810 1081 16
1902 627 45
1902 1797 100
2080 1143 91
2080 1305 50
2080 1748 69
627 538 33
627 614 91
494 2312 61
192 1061 100
1115 1225 93
344 1502 89
328 1057 47
328 1848 47
1057 1642 90
1057 463 63
382 15 66
37 1172 60
179 412 98
179 191 38
412 1094 51
412 317 35
710 163 82
710 1908 34
710 2464 30
584 984 68
1240 1132 93
2315 1216 42
2315 1976 66
2315 57 17
1781 746 41
2461 1194 17
1123 1570 98
1123 1251 9
1123 659 48
1570 1618 76
1174 237 100
1174 1662 14
1015 1219 7
1015 1870 55
301 782 73
163 1870 86
2040 702 84
1840 739 86
2415 1162 30
1926 1259 51
1926 1455 87
1715 739 46
1016 811 88
1016 1089 66
1016 2437 70
631 1567 33
1977 623 60
1977 1693 74
1 2085 93
2085 2313 64
2400 1662 27
2400 1173 96
1625 799 7
1625 40 33
2306 2039 37
2306 1710 82
109 1468 58
2323 1850 20
979 270 14
1271 1061 40
1472 967 83
1472 32 58
1060 1605 58
1945 175 5
504 923 63
504 2394 75
2124 371 7
2124 1010 1
2214 2196 23
1222 244 17
1222 1612 75
2466 1749 100
1780 2359 98
451 531 1
2128 1320 76
2084 680 51
2084 983 48
2084 1755 14
2084 716 94
1209 1800 70
1209 2105 20
1209 1831 22
1981 2420 37
2099 1165 50
2099 1812 75
1168 1019 2
1168 538 52
1936 2142 72
1936 966 75
1936 866 71
2142 1548 89
2028 96 94
2233 283 71
1468 2109 58
1468 194 80
881 80 67
828 904 90
1995 1361 44
1995 872 19
1995 83 97
1878 2176 42
1878 104 75
1366 1077 3
1366 364 89
949 1799 42
949 2065 72
1225 317 76
1225 351 31
1225 1257 36
897 1028 38
897 2497 17
1916 635 52
1916 105 80
2117 463 58
258 1812 72
258 605 62
1280 1536 35
1450 219 72
1011 1189 69
1011 1256 69
1408 95 54
1408 523 23
1408 230 24
2176 2114 69
1467 417 41
6 1257 12
1586 811 100
1586 2342 2
2089 255 55
2089 479 72
147 974 79
307 1173 89
1010 1548 97
1548 2070 12
2167 38 7
2167 371 48
2153 273 60
194 2374 45
194 1361 6
1102 1653 91
1172 232 4
1172 1094 65
967 121 34
513 1872 76
513 2394 21
1872 2114 50
1861 2024 13
1052 226 40
1052 59 56
2215 2464 33
2348 1969 22
755 1376 14
2002 1597 18
2002 1344 84
616 1536 66
616 1143 3
2038 90 16
2374 10 39
1126 2354 16
1126 184 84
2354 1375 22
1086 1911 94
581 1632 60
581 2109 31
1260 2259 42
1278 2293 1
799 2491 36
799 716 81
455 1632 39
455 21 18
397 2436 34
397 1706 25
2436 2342 69
2436 1757 95
1611 184 54
945 2199 5
945 343 64
357 968 97
210 1442 58
1820 1295 97
175 1813 71
666 10 90
666 2004 25
1502 1173 6
1502 1457 44
1442 1477 60
1442 1081 68
1477 717 61
1477 920 19
1477 1651 28
1259 2255 21
1259 1256 89
2109 1432 9
2109 966 92
690 448 80
690 702 60
1538 2199 11
2283 1755 3
1216 372 2
1216 498 3
1937 283 4
1937 228 77
1272 934 62
1005 545 87
1732 605 95
1652 1835 3
1835 717 26
75 104 24
75 1320 8
1799 579 2
866 983 74
866 1359 44
983 2330 90
170 120 86
920 1862 19
1862 980 41
1841 2070 20
980 523 2
414 717 77
414 1378 43
2004 2491 23
1589 2212 8
1589 72 86
1589 1767 67
1589 1745 70
2212 391 56
2212 463 99
1359 2438 25
1359 270 25
2242 579 2
1120 2114 52
273 300 46
273 1826 32
83 416 24
672 1482 43
672 2469 3
1498 2463 22
498 680 85
498 1759 93
96 2039 14
88 1566 34
1375 232 18
792 1605 34
782 1455 62
882 1959 69
882 1376 71
1959 1205 3
904 458 98
904 2411 14
59 1234 9
59 1531 81
1433 877 67
701 551 91
300 459 71
300 448 54
2339 2065 47
365 2411 60
984 1444 99
125 1860 49
125 1328 33
1328 491 4
1328 1605 10
228 698 58
1448 2086 53
2086 182 23
1233 995 82
1558 1665 50
1558 447 74
1665 2330 45
1665 2464 23
1665 55 93
1969 1873 42
1932 2290 31
38 2050 49
1557 1561 23
1994 327 74
1873 2259 17
1873 1242 85
716 1567 68
346 72 38
230 1078 43
1078 857 37
460 2312 72
536 391 74
2359 995 100
1618 459 12
372 1532 2
394 1412 32
605 515 20
717 1999 9
1165 1953 20
1165 57 77
1879 2313 99
1234 1089 30
416 1591 47
1749 122 85
1749 938 47
2322 1432 94
2226 1593 55
61 1607 29
1607 1534 36
586 1634 47
2455 1968 31
437 645 76
1534 212 12
1534 746 59
608 1605 5
1432 55 6
1671 1905 24
74 2394 2
10 2408 14
2408 1132 49
2408 1693 49
283 19 25
938 1905 9
1194 2437 78
2437 659 28
2148 105 89
645 2312 6
955 1953 59
1417 1812 20
1812 391 69
1686 1973 94
1014 1692 91
659 1917 58
2387 2438 52
1143 244 36
1143 40 72
1875 2342 83
702 1009 57
811 121 7
1632 1891 49
1905 461 68
759 1759 75
1347 2419 32
2291 1802 61
1243 1185 39
2254 1660 25
1531 1767 43
970 943 33
98 2444 95
98 1692 33
1081 2430 68
1999 40 61
1205 1564 37
2411 184 56
2061 72 53
2061 907 56
2302 1454 76
391 468 56
232 1653 53
1185 2026 91
1848 15 9
2456 1480 11
2456 1653 61
2456 1706 35
2456 1660 15
857 291 71
1376 1307 81
545 1480 64
305 2347 29
105 1660 82
2026 2420 98
1311 692 89
1564 1551 35
780 1367 96
1634 2119 91
431 291 40
1464 476 23
1965 1660 46
