1000 2500
458 847 79
458 448 18
458 601 87
458 57 73
458 978 60
847 817 30
847 860 49
847 437 53
847 922 8
338 373 10
338 650 60
338 375 83
338 613 59
338 855 31
373 637 30
373 917 36
373 926 95
373 906 75
134 494 30
134 616 34
134 965 12
134 866 57
134 943 23
494 556 9
494 554 59
494 510 90
494 258 14
581 954 89
581 270 45
581 715 93
581 154 42
581 621 69
954 559 5
954 495 55
954 536 41
954 436 43
61 244 96
61 543 50
61 169 35
61 812 48
61 527 7
244 311 94
244 82 79
244 814 89
244 264 36
741 906 99
741 840 49
741 94 97
741 18 89
741 431 70
906 297 57
906 253 72
906 103 25
92 497 70
92 213 11
92 291 82
92 73 95
92 504 69
497 604 29
497 616 97
497 737 36
497 184 84
347 607 17
347 688 62
347 45 43
347 43 42
347 139 29
607 816 59
607 905 89
607 831 12
607 668 22
4 384 67
4 436 1
4 625 13
4 614 49
4 548 45
384 440 97
384 285 4
384 302 10
384 425 64
424 561 82
424 551 64
424 776 1
424 680 43
424 21 58
561 289 78
561 859 7
561 9 30
561 589 45
470 677 86
470 869 76
470 360 34
470 105 84
470 40 38
677 734 6
677 801 36
677 770 17
677 992 43
48 310 78
48 456 48
48 963 73
48 311 39
48 426 52
310 630 75
310 574 62
310 322 97
310 733 36
232 656 31
232 514 55
232 27 8
232 603 23
232 17 66
656 952 18
656 798 48
656 437 50
656 304 11
166 976 9
166 568 88
166 685 11
166 830 86
166 731 23
976 16 81
976 227 85
976 800 39
976 899 10
477 572 36
477 862 85
477 643 6
477 23 32
477 47 75
572 331 49
572 923 81
572 612 50
572 375 32
481 722 31
481 633 46
481 614 60
481 325 37
481 87 33
722 905 12
722 439 33
722 356 35
722 281 76
292 792 23
292 740 47
292 863 73
292 427 45
292 135 9
792 250 56
792 610 8
792 667 30
792 670 55
551 903 80
551 138 46
551 418 36
551 161 59
903 744 6
903 192 18
903 966 67
903 490 19
298 457 17
298 430 50
298 959 78
298 585 93
298 259 20
457 818 36
457 479 2
457 558 86
457 944 24
95 772 14
95 64 94
95 360 61
95 198 2
95 144 32
772 173 79
772 735 72
772 664 98
772 195 78
503 975 9
503 321 35
503 164 87
503 942 45
503 101 82
975 103 98
975 778 51
975 654 27
975 156 59
98 697 91
98 152 100
98 20 98
98 794 16
98 154 44
697 174 92
697 621 87
697 270 41
697 514 61
374 452 31
374 320 13
374 119 95
374 902 54
374 128 62
452 405 93
452 487 32
452 819 75
452 390 83
223 957 98
223 441 11
223 319 89
223 941 67
223 852 94
957 832 18
957 17 33
957 927 94
957 324 27
820 947 87
820 409 100
820 840 91
820 579 37
820 567 37
947 162 20
947 749 53
947 465 73
947 178 1
240 372 87
240 102 46
240 165 90
240 652 44
240 181 78
372 88 19
372 516 99
372 980 5
372 267 45
266 510 87
266 368 27
266 138 78
266 606 56
266 186 53
510 277 72
510 614 3
510 769 20
126 350 12
126 939 15
126 12 40
126 544 53
126 769 82
350 15 8
350 79 53
350 886 1
350 153 45
162 355 40
162 701 75
162 625 42
162 892 64
18 933 81
18 243 47
18 199 92
18 398 36
933 744 9
933 293 89
933 305 73
933 65 80
662 775 86
662 195 44
662 700 80
662 566 57
662 949 79
775 943 88
775 998 18
775 238 68
775 248 53
70 571 56
70 593 38
70 167 70
70 246 42
70 236 5
571 353 79
571 699 10
571 918 27
571 990 87
250 767 36
250 660 100
250 914 58
250 609 35
767 299 93
767 872 86
767 291 15
767 974 10
638 683 53
638 524 2
638 66 71
638 509 59
638 757 33
683 251 33
683 136 75
683 230 72
683 44 9
528 631 20
528 711 66
528 416 84
528 501 58
528 615 46
631 865 10
631 923 38
631 834 12
631 816 38
20 346 56
20 881 26
20 938 72
20 983 1
346 831 100
346 422 15
346 908 13
346 688 6
258 663 60
258 871 67
258 790 42
258 474 37
663 521 48
663 703 36
663 963 58
663 796 71
727 962 6
727 207 35
727 217 95
727 280 3
727 225 11
962 379 12
962 307 40
962 212 56
962 456 25
29 431 69
29 496 32
29 829 8
29 832 69
29 230 67
431 946 23
431 573 21
431 744 95
135 412 82
135 942 65
135 758 43
135 961 44
412 940 88
412 593 48
412 691 31
412 188 94
194 498 98
194 774 33
194 46 24
194 969 10
194 958 91
498 55 4
498 681 56
498 913 62
498 640 70
105 835 98
105 196 72
105 761 40
105 318 32
835 401 88
835 565 28
835 577 78
835 591 34
480 712 85
480 658 66
480 186 83
480 114 35
480 433 63
712 464 87
712 972 11
712 8 29
712 41 47
816 124 94
816 838 36
816 940 52
111 320 87
111 76 78
111 841 43
111 723 46
111 304 63
320 425 82
320 562 35
320 279 78
38 107 96
38 110 92
38 201 23
38 941 78
38 569 87
107 608 4
107 169 23
107 283 3
107 116 49
524 907 62
524 455 6
524 912 34
524 856 3
307 640 94
307 867 54
307 76 20
307 529 35
640 974 47
640 115 14
640 558 45
71 549 100
71 352 4
71 608 95
71 851 25
71 272 61
549 110 13
549 143 33
549 2 6
549 619 78
32 441 66
32 664 38
32 837 96
32 695 7
32 671 50
441 750 76
441 5 14
441 979 40
942 778 23
942 924 77
942 686 73
109 432 6
109 993 74
109 468 15
109 515 76
109 992 95
432 746 28
432 26 17
432 814 60
432 84 98
283 468 67
283 854 29
283 699 70
283 977 88
468 229 87
468 131 8
468 85 32
281 358 2
281 965 55
281 648 32
281 885 37
358 786 69
358 612 1
358 405 11
358 715 18
78 673 42
78 37 62
78 759 71
78 703 47
78 91 47
673 865 100
673 877 10
673 315 98
673 192 72
54 87 67
54 620 30
54 930 92
54 598 48
54 876 85
87 410 41
87 402 50
87 588 28
28 852 41
28 644 84
28 260 65
28 151 55
28 429 51
852 963 71
852 869 90
852 141 65
90 647 42
90 13 63
90 341 100
90 35 68
90 196 8
647 478 1
647 79 86
647 917 91
647 851 30
879 987 1
879 779 2
879 990 85
879 557 30
879 637 99
987 857 23
987 245 37
987 695 80
987 353 17
123 595 32
123 543 76
123 862 13
123 446 98
123 733 17
595 237 44
595 880 27
595 202 46
595 277 12
588 780 11
588 541 11
588 932 68
588 889 33
780 602 10
780 207 79
780 623 42
780 871 16
426 489 28
426 616 97
426 392 23
426 585 6
489 884 58
489 828 25
489 286 29
489 490 100
136 799 12
136 649 97
136 301 67
136 752 72
799 764 93
799 370 7
799 251 10
799 669 68
102 657 82
102 846 90
102 944 7
102 269 60
657 215 28
657 525 78
657 209 40
657 207 23
342 904 55
342 886 13
342 714 42
342 296 89
342 382 32
904 519 94
904 220 93
904 895 62
904 445 17
322 517 77
322 16 28
322 268 45
322 103 86
517 901 8
517 303 51
517 97 63
517 495 80
331 974 20
331 558 54
331 746 90
331 751 2
974 655 91
974 632 98
854 873 30
854 355 52
854 537 66
854 679 45
732 909 27
732 420 49
732 93 98
732 730 86
732 318 53
909 977 15
909 672 69
909 407 47
909 389 38
603 795 5
603 476 71
603 181 28
603 473 2
795 710 42
795 762 93
795 479 74
795 509 92
409 521 38
409 305 63
409 306 34
409 143 41
521 234 17
521 634 82
521 451 96
699 997 83
699 953 16
699 700 100
997 706 43
997 411 12
997 748 9
997 52 95
46 209 33
46 632 88
46 808 16
46 155 9
209 72 65
209 391 34
209 106 69
106 748 30
106 541 43
106 752 40
106 318 22
748 99 54
748 931 25
748 129 70
435 658 26
435 615 46
435 495 66
435 784 11
435 534 94
658 537 59
658 643 23
658 344 67
843 898 62
843 329 98
843 579 63
843 593 89
843 941 22
898 376 75
898 228 51
898 143 84
898 793 74
3 921 90
3 60 64
3 148 59
3 584 41
3 56 50
921 895 54
921 661 83
921 806 37
921 587 11
940 789 72
940 887 53
940 582 31
693 810 68
693 804 29
693 213 46
693 753 36
693 411 5
810 227 100
810 808 99
810 225 7
810 486 82
62 827 52
62 597 77
62 82 7
62 313 33
62 956 23
827 535 32
827 189 74
827 569 83
827 769 51
636 833 72
636 702 96
636 913 2
636 916 28
636 764 34
833 809 27
833 158 5
833 718 45
833 140 46
16 526 94
16 771 19
16 584 99
30 465 21
30 314 73
30 272 100
30 965 2
30 807 33
465 255 27
465 155 55
465 817 53
478 512 32
478 442 75
478 667 100
478 562 22
512 34 23
512 988 67
512 552 31
512 383 78
389 849 41
389 324 64
389 973 47
389 72 96
849 100 68
849 446 32
849 327 79
849 545 81
159 881 5
159 865 29
159 248 83
159 529 28
159 175 96
881 867 57
881 289 71
881 243 32
69 84 44
69 77 50
69 707 83
69 265 85
69 708 20
84 821 51
84 880 38
84 774 1
243 874 68
243 445 61
243 585 51
874 366 32
874 568 79
874 853 48
874 890 37
807 916 53
807 541 28
807 543 19
807 234 39
916 421 70
916 884 18
916 522 16
160 202 49
160 390 66
160 920 69
160 919 75
160 24 59
202 834 74
202 762 38
202 765 87
445 829 56
445 668 54
445 750 97
829 172 30
829 17 17
829 302 56
538 648 35
538 486 29
538 437 44
538 806 28
538 125 53
648 276 24
648 958 80
648 89 21
276 297 33
276 74 37
276 574 66
276 249 52
862 888 49
862 935 8
862 949 55
888 181 72
888 800 23
888 749 25
888 553 55
406 757 75
406 169 62
406 853 55
406 224 3
406 922 39
757 200 72
757 923 35
757 861 99
311 785 12
311 381 100
311 186 27
785 376 5
785 804 29
785 668 21
785 569 55
425 485 76
425 297 19
425 782 45
502 990 9
502 132 4
502 83 19
502 117 47
502 255 69
990 565 75
990 737 47
182 491 5
182 248 64
182 734 24
182 900 39
182 869 95
491 531 62
491 315 98
491 530 56
491 755 25
401 944 5
401 586 29
401 936 72
401 608 12
944 24 31
944 319 1
547 998 91
547 692 50
547 359 74
547 805 58
547 771 50
998 249 69
998 492 54
998 120 29
935 994 58
935 887 89
935 467 83
935 132 88
994 870 97
994 619 97
994 415 66
994 794 99
895 306 57
895 55 45
895 761 84
7 230 25
7 0 28
7 36 12
7 878 24
7 218 3
230 495 84
230 428 68
31 587 60
31 190 56
31 733 39
31 422 79
31 545 69
587 516 97
587 66 12
587 577 70
208 220 93
208 436 25
208 324 79
208 150 39
208 516 29
220 317 60
220 860 67
220 832 57
438 682 59
438 633 41
438 986 75
438 737 50
438 391 14
682 137 82
682 569 24
682 564 70
682 285 21
704 981 77
704 215 43
704 396 58
704 413 25
704 594 78
981 89 89
981 865 16
981 36 97
981 644 77
343 710 77
343 334 92
343 53 25
343 739 97
343 45 62
710 789 22
710 499 79
710 219 49
363 688 59
363 273 7
363 672 17
363 518 88
363 694 97
688 19 49
688 335 12
378 667 46
378 469 56
378 526 54
378 259 40
378 179 92
667 887 5
667 439 10
379 632 65
379 941 90
379 8 5
379 784 55
632 598 40
632 507 35
247 333 63
247 127 53
247 55 78
247 894 34
247 982 75
333 659 6
333 22 97
333 788 52
333 383 71
308 837 6
308 786 40
308 902 64
308 705 19
308 606 88
837 882 75
837 116 71
837 461 25
977 381 95
977 709 4
977 560 24
254 637 98
254 570 89
254 428 80
254 511 44
254 812 100
637 301 19
637 771 16
702 122 85
702 686 32
702 231 80
702 474 75
12 466 86
12 897 89
12 407 32
12 353 39
466 158 80
466 715 37
466 418 4
466 866 67
332 556 86
332 242 77
332 754 36
332 122 1
332 197 16
556 608 77
556 278 53
556 132 73
464 492 51
464 701 38
464 791 74
464 786 75
270 952 85
270 192 3
270 393 20
840 214 43
840 317 20
840 804 15
513 604 88
513 224 1
513 918 65
513 203 23
513 217 95
604 155 85
604 146 25
604 896 28
221 316 32
221 429 73
221 574 96
221 557 83
221 145 21
316 624 16
316 578 64
316 971 55
316 453 85
284 781 52
284 339 78
284 558 68
284 2 61
284 446 20
781 514 76
781 612 83
781 259 74
781 192 50
367 370 85
367 813 8
367 970 52
367 110 97
367 423 73
370 393 12
370 705 71
370 118 57
145 177 50
145 403 79
145 882 95
145 796 89
177 523 17
177 490 69
177 395 17
177 738 55
380 983 67
380 392 55
380 449 66
380 782 11
380 302 37
983 873 10
983 167 23
983 728 19
896 899 27
896 439 82
896 634 36
896 746 2
899 479 83
899 328 100
899 884 24
207 417 30
207 394 47
417 336 15
417 660 20
417 540 4
417 80 20
99 326 37
99 371 91
99 814 50
99 13 30
326 611 9
326 328 13
326 585 71
326 773 1
625 930 68
625 725 76
625 13 34
930 108 83
930 471 42
930 58 55
853 937 11
853 274 92
853 368 95
937 776 90
937 594 11
937 205 2
937 227 2
496 275 11
496 172 29
496 336 57
496 9 45
124 239 75
124 529 96
124 617 57
124 345 3
239 717 58
239 376 75
239 267 65
239 652 66
602 803 20
602 753 77
602 560 54
602 932 69
803 536 67
803 649 100
803 265 39
803 130 55
856 948 16
856 133 46
856 64 50
856 305 86
948 368 87
948 82 96
948 492 17
948 913 7
27 77 23
27 115 78
27 646 8
27 382 71
77 339 80
77 364 46
77 260 58
9 783 15
9 49 79
9 546 45
783 386 91
783 433 92
783 315 19
783 525 50
887 545 98
887 165 28
719 793 90
719 590 56
719 222 98
719 456 22
719 958 79
793 836 9
793 483 25
793 399 2
94 554 9
94 391 67
94 900 52
94 360 7
883 901 99
883 568 98
883 269 56
883 471 17
883 206 11
901 743 55
901 249 35
901 252 55
467 614 85
467 147 38
467 1 71
467 288 27
614 723 8
103 999 7
103 231 70
112 386 7
112 157 76
112 567 49
112 713 48
112 330 30
386 713 27
386 421 74
386 39 16
34 58 76
34 205 69
34 368 89
34 5 75
58 659 67
58 354 100
58 542 89
630 275 99
630 554 14
630 690 96
630 564 22
157 231 88
157 708 67
157 88 16
157 568 63
611 362 81
611 943 74
611 447 23
611 314 89
394 919 80
394 142 5
394 878 91
394 594 65
6 669 77
6 766 83
6 713 76
6 540 74
6 236 30
669 163 15
669 828 11
669 739 98
19 296 51
19 472 12
19 144 97
19 127 93
633 462 31
633 548 82
633 297 70
482 598 8
482 115 90
482 955 62
482 646 82
482 153 79
598 488 16
598 960 64
191 651 69
191 543 89
191 268 2
191 267 96
191 876 5
651 286 32
651 728 66
651 731 72
651 501 10
750 794 17
750 553 91
750 821 52
794 590 52
794 265 93
591 770 8
591 86 94
591 385 89
591 110 11
770 760 33
770 659 81
770 845 86
323 461 23
323 125 56
323 584 80
323 969 10
323 739 30
461 955 40
461 447 97
461 618 27
241 508 22
241 488 60
241 291 17
241 692 90
241 573 60
508 542 67
508 91 56
508 730 77
508 532 67
393 321 6
393 197 48
393 618 37
522 527 36
522 562 83
522 76 77
522 256 78
527 720 46
527 229 34
527 137 69
805 995 43
805 40 8
805 315 14
805 146 2
995 473 25
995 472 8
995 563 5
995 619 31
798 956 71
798 747 12
798 965 1
798 447 35
956 766 19
956 891 19
956 936 94
88 680 99
88 359 97
88 515 35
680 295 73
680 562 35
680 675 30
81 555 66
81 689 52
81 679 53
81 449 77
81 929 18
555 815 8
555 222 78
555 434 26
555 199 97
543 349 23
321 293 63
321 674 83
321 263 16
8 836 35
8 142 32
8 475 28
836 544 6
836 776 2
836 661 32
605 826 29
605 678 64
605 225 96
605 42 32
605 660 28
826 945 21
826 967 56
826 236 78
826 532 40
155 626 7
155 267 86
626 964 51
626 865 58
626 692 63
626 272 91
195 183 80
195 294 72
195 893 59
831 758 75
831 96 70
831 961 89
67 104 6
67 855 34
67 894 60
67 991 34
67 233 88
104 233 40
104 961 100
104 609 29
104 681 12
422 782 25
422 73 12
422 354 78
745 985 95
745 984 100
745 279 98
745 731 66
745 188 21
985 759 83
985 769 87
985 60 30
985 970 38
140 991 40
140 678 69
140 864 60
140 891 12
991 381 7
991 396 96
991 404 22
731 758 77
731 953 62
758 961 79
758 897 10
75 224 41
75 400 97
75 713 20
75 639 11
75 520 92
224 643 52
224 141 85
462 317 9
462 414 79
462 235 9
462 150 82
542 742 85
542 892 20
542 260 81
742 178 72
742 536 60
742 122 33
742 773 96
848 934 48
848 57 7
848 746 63
848 55 10
848 398 78
934 200 13
934 692 69
934 356 88
934 309 31
558 397 75
511 754 37
511 303 77
511 661 54
511 728 22
754 279 49
754 577 53
754 622 86
289 706 42
289 279 97
289 294 59
161 641 6
161 313 17
161 164 94
161 429 53
641 504 48
641 721 43
641 385 17
641 950 3
615 515 40
615 762 75
615 709 38
565 687 2
565 180 41
565 293 71
459 600 76
459 796 10
459 589 82
459 214 9
459 225 29
600 219 44
600 635 19
600 302 1
600 47 35
832 845 96
832 885 92
845 442 93
845 388 36
845 57 47
570 696 77
570 939 50
570 908 97
570 197 80
696 703 50
696 304 72
696 295 95
696 560 7
339 93 50
339 36 28
339 128 24
407 818 41
407 291 45
407 418 48
818 44 15
818 532 40
818 674 34
60 185 17
60 25 16
60 403 22
968 971 88
968 222 22
968 960 36
968 539 35
968 56 16
971 158 60
971 397 66
971 430 43
185 936 80
185 540 70
185 784 92
185 375 63
383 726 67
383 35 7
383 599 85
726 897 27
726 340 50
726 620 62
726 784 15
355 893 42
355 197 70
355 181 65
893 66 73
893 622 26
893 504 38
59 751 42
59 1 83
59 800 97
59 967 53
59 210 1
751 634 24
751 873 7
751 252 56
655 925 8
655 357 42
655 403 49
655 649 90
925 23 68
925 193 5
925 286 85
925 825 14
279 821 77
293 652 42
293 261 18
652 469 1
652 39 93
173 707 65
173 567 35
173 369 36
173 447 31
850 871 40
850 769 30
850 33 47
850 760 89
850 47 24
871 566 44
871 334 29
340 620 61
340 866 93
340 920 8
340 873 53
620 624 36
620 184 21
717 580 62
717 952 41
717 932 35
717 218 39
127 273 67
127 49 74
127 396 92
205 599 11
205 634 14
205 453 82
720 761 96
720 939 52
720 142 42
720 698 84
761 303 59
761 427 72
100 150 36
100 823 2
100 867 98
100 928 33
150 170 54
150 113 15
125 777 46
125 22 14
125 574 53
352 351 38
352 553 60
352 564 90
352 709 84
314 668 98
314 439 87
314 423 65
268 824 70
268 264 1
268 523 72
275 679 13
275 646 69
275 228 22
453 911 82
453 0 87
453 787 26
911 451 78
911 235 7
911 509 65
911 440 23
485 980 63
485 694 99
485 35 32
485 996 58
980 189 73
980 877 91
980 809 3
93 844 16
93 415 40
93 361 31
212 476 51
212 377 64
212 172 50
212 534 84
476 755 66
476 878 1
476 165 48
546 730 43
546 376 18
546 68 58
546 52 36
730 540 65
730 532 88
263 787 34
263 436 84
263 91 68
263 493 67
787 128 6
787 237 26
787 301 36
122 811 24
122 679 23
811 501 61
811 824 99
811 261 1
811 838 53
234 989 6
234 738 11
234 329 73
989 729 48
989 945 13
989 612 80
989 288 100
858 996 62
858 174 2
858 118 95
858 900 31
858 137 93
996 711 22
996 506 33
996 118 27
171 295 94
171 101 34
171 576 63
171 674 34
171 404 64
295 304 41
295 47 84
174 671 92
174 619 66
174 203 60
68 691 82
68 428 31
68 970 73
68 387 46
691 823 93
691 711 37
691 694 22
246 963 60
246 665 17
246 176 28
246 550 89
963 868 93
815 790 94
815 5 78
815 559 12
815 642 17
118 777 60
118 278 69
777 650 6
777 188 53
777 353 48
204 966 4
204 64 30
204 210 50
204 828 64
204 964 85
966 265 6
966 986 87
966 245 73
821 330 43
821 108 56
219 548 62
219 130 64
219 430 43
117 589 30
117 839 17
117 519 77
117 908 3
589 919 26
589 698 45
248 743 70
248 382 71
743 759 2
743 156 26
743 203 85
119 778 17
119 825 55
119 993 59
119 530 28
778 610 24
778 860 100
713 736 21
593 446 15
593 227 52
274 917 42
274 35 26
274 402 86
274 749 75
917 929 20
917 200 15
376 782 56
296 676 2
296 580 61
296 715 40
676 734 93
676 257 5
676 5 1
676 982 81
110 499 83
574 723 53
158 261 54
158 139 37
147 499 5
147 24 63
147 396 29
147 334 84
101 403 29
101 825 12
101 327 2
297 170 25
79 863 25
79 455 11
79 472 55
863 728 55
863 25 79
863 318 79
608 35 10
242 10 99
242 479 11
242 471 22
242 176 70
172 518 52
172 337 55
728 724 35
846 629 27
846 763 58
846 397 28
846 85 28
411 518 16
411 808 64
411 198 3
518 49 70
518 327 1
905 993 93
905 718 89
905 44 9
349 978 79
349 628 35
349 762 30
349 938 77
11 664 60
11 644 69
11 120 58
11 404 92
11 554 38
664 42 43
664 684 59
85 613 71
85 416 95
85 120 51
613 601 40
613 950 5
613 866 58
259 915 45
259 72 18
915 37 72
915 237 55
915 951 16
915 894 51
650 869 46
650 859 84
650 982 65
860 875 55
860 434 16
875 907 96
875 131 85
875 277 4
875 269 81
869 606 96
121 801 5
121 864 69
121 129 53
121 282 38
121 668 71
801 695 83
801 674 29
801 988 93
488 475 77
488 960 88
488 622 96
568 154 93
674 864 52
864 442 86
864 413 13
442 500 89
442 14 9
796 973 9
796 876 23
64 446 8
64 912 66
618 969 83
618 129 14
618 50 84
969 238 88
969 344 8
33 50 42
33 724 1
33 272 25
33 507 36
50 413 83
50 594 80
50 952 2
344 729 57
344 660 88
344 351 61
729 165 86
729 149 67
729 642 72
724 628 93
724 256 16
724 949 78
554 402 80
448 786 14
448 83 99
448 505 60
448 260 91
786 756 95
790 364 76
790 345 69
790 301 15
474 695 84
474 961 37
474 400 61
695 450 98
142 487 68
142 304 38
222 245 64
222 746 96
405 707 61
405 721 88
405 627 56
487 211 57
487 255 85
487 450 2
473 53 93
473 788 81
473 167 22
535 939 69
535 520 98
535 493 41
535 400 67
265 285 19
44 187 61
44 918 10
184 749 55
184 920 61
184 178 94
749 300 99
189 233 61
189 740 89
189 684 43
196 536 43
196 759 23
196 559 78
148 928 60
148 96 63
148 360 85
148 211 94
86 813 79
86 936 56
86 926 73
86 454 19
366 56 69
366 768 32
366 822 65
366 685 23
271 902 22
271 449 3
271 520 45
271 217 52
271 678 49
902 180 19
902 56 84
146 313 54
146 262 9
146 763 59
313 645 59
313 642 70
759 113 4
329 908 78
329 623 74
329 580 95
919 706 8
919 151 20
362 736 98
362 924 65
362 698 60
362 193 34
475 515 67
475 400 49
475 861 35
665 736 65
665 306 63
665 138 52
665 515 15
531 834 53
531 288 13
531 420 55
531 841 36
834 427 36
834 486 95
0 789 19
0 152 35
0 328 78
789 764 94
789 740 70
170 319 88
170 41 90
170 988 99
541 286 37
541 108 9
301 15 91
97 950 62
97 733 37
97 715 81
97 563 85
950 341 2
950 309 91
735 978 79
735 992 3
735 114 33
735 375 23
978 597 72
978 928 80
501 471 52
501 472 95
13 765 3
13 89 79
375 809 53
229 199 56
229 859 8
229 563 100
456 404 64
456 217 53
216 269 37
216 294 56
216 912 35
216 414 96
216 14 85
269 844 30
156 892 41
156 885 45
156 168 83
892 992 74
892 388 2
486 500 49
486 774 59
10 429 8
10 500 52
10 382 41
10 450 22
429 348 50
752 923 88
752 408 27
752 151 77
923 252 57
115 168 21
115 544 4
539 666 97
539 428 4
539 509 44
539 927 2
666 21 67
666 654 26
666 721 100
666 580 5
330 984 6
330 444 58
330 251 36
143 114 9
143 96 19
492 471 49
492 619 26
437 687 82
437 908 3
403 139 6
187 592 85
187 387 23
187 300 74
187 534 63
592 433 12
592 992 100
592 131 79
592 319 37
282 335 31
282 132 6
282 672 57
282 365 45
335 176 47
335 231 3
335 773 74
514 420 97
514 39 49
597 91 30
597 419 60
597 689 91
288 113 50
288 484 67
253 802 98
253 385 28
253 533 3
253 943 43
802 387 3
802 392 69
802 523 96
802 287 65
348 545 85
348 180 80
348 440 84
348 325 57
545 45 45
387 988 78
387 552 35
867 972 5
867 273 19
707 841 69
707 885 19
993 371 55
993 129 10
371 51 28
371 945 71
371 606 25
368 226 50
201 913 19
201 841 52
201 557 31
201 622 48
913 377 37
290 725 58
290 225 20
290 345 94
290 654 100
290 133 68
725 714 66
725 299 14
725 639 36
958 236 59
958 747 33
897 952 49
897 63 52
421 907 38
421 190 87
421 967 56
701 970 12
701 144 81
701 404 4
970 610 67
341 398 98
341 504 48
341 946 49
398 391 57
398 817 60
364 943 15
364 812 35
364 774 18
825 964 71
825 694 42
577 41 23
577 251 2
659 552 75
659 479 26
400 444 45
734 360 12
734 955 7
671 979 68
671 357 23
671 736 29
644 454 20
644 188 99
108 168 74
108 894 96
168 128 67
168 703 100
800 804 66
800 56 1
804 973 71
747 262 30
747 670 34
747 337 27
635 949 36
635 999 50
635 945 9
635 791 77
345 670 40
345 628 78
152 624 40
152 646 41
152 133 62
624 460 11
624 410 97
711 922 21
711 507 74
36 449 78
36 377 22
449 617 83
402 506 23
402 210 79
506 520 25
506 169 10
506 928 68
132 190 25
736 179 57
381 773 85
381 552 77
190 609 70
190 532 70
960 138 51
960 443 48
354 880 80
354 914 97
354 351 60
880 809 78
880 385 96
336 291 25
336 643 22
336 443 52
51 842 71
51 622 4
51 889 35
51 806 15
842 941 1
842 601 28
842 52 56
842 617 74
83 986 80
83 529 48
83 41 33
129 877 1
255 973 39
255 505 70
272 756 41
873 809 93
779 700 34
779 705 48
779 927 90
779 753 50
40 872 98
40 15 29
40 910 30
215 890 20
215 484 92
215 309 54
610 351 2
610 534 81
2 45 83
2 267 83
2 463 24
73 573 67
73 872 19
73 415 56
573 233 45
573 312 97
1 955 60
1 460 94
1 594 77
63 416 29
63 582 5
63 415 58
63 418 80
416 505 36
416 415 2
428 886 94
886 819 59
886 423 14
590 882 5
590 264 18
590 955 61
817 938 45
817 22 76
433 552 86
433 678 85
536 629 15
237 537 83
237 698 81
537 822 19
537 661 3
813 249 29
813 979 43
813 768 64
89 144 48
89 557 36
144 678 81
451 130 22
451 233 44
451 533 39
167 116 59
167 738 80
733 175 100
499 175 49
499 788 21
562 399 19
420 430 31
420 922 32
365 578 49
365 139 13
365 945 92
365 396 76
578 197 98
578 211 66
578 278 49
264 675 35
264 213 84
675 931 74
675 408 62
675 936 71
24 959 67
24 26 8
959 681 6
959 927 49
959 278 16
236 198 98
128 163 13
984 584 66
984 436 90
984 763 17
113 744 50
113 294 44
744 325 90
183 988 28
183 238 48
183 484 85
183 894 9
965 507 97
377 306 39
377 408 51
739 797 54
739 484 39
797 483 62
797 806 8
797 198 92
797 830 90
766 463 86
766 882 59
766 718 8
57 686 5
57 153 37
986 294 61
986 309 77
317 165 57
317 938 55
529 493 33
324 819 78
324 530 17
819 74 64
819 812 61
299 824 89
299 483 27
299 599 2
872 66 7
872 857 48
823 199 91
823 579 51
823 443 66
891 907 94
891 454 35
891 861 23
907 926 13
490 563 57
490 855 24
563 252 1
74 419 12
74 211 18
74 534 41
178 912 5
178 163 52
226 639 34
226 596 50
226 686 9
226 392 69
639 228 63
639 131 67
413 154 89
413 300 99
133 516 30
133 80 7
91 859 84
859 760 30
137 839 91
137 22 45
616 447 97
616 964 52
623 918 63
623 808 97
623 500 98
26 585 70
26 714 73
26 967 68
500 351 45
23 755 33
23 303 89
23 645 93
76 851 92
76 80 91
851 484 16
851 179 54
353 423 33
211 910 58
830 910 24
830 681 88
830 399 91
910 844 78
910 261 77
444 553 74
444 42 6
444 397 4
520 287 22
737 149 39
737 687 95
37 153 74
37 469 11
37 844 50
584 179 16
839 596 83
839 627 55
839 709 28
519 385 27
519 931 28
519 756 35
319 550 88
550 414 66
550 885 2
550 564 39
45 131 49
679 390 59
25 179 75
25 337 4
25 716 18
327 357 38
327 430 9
609 654 5
609 999 55
654 356 33
472 685 98
685 932 26
685 544 90
382 493 39
213 690 42
213 890 68
690 408 29
690 700 40
690 357 26
14 709 43
14 15 30
14 973 91
559 235 39
559 17 46
285 714 53
285 257 62
714 504 10
617 280 73
617 575 60
526 42 2
526 228 80
526 784 55
169 768 68
768 771 69
768 884 15
42 914 34
580 176 86
949 130 41
15 41 77
390 920 79
390 927 36
245 763 93
245 601 77
763 300 9
469 410 44
469 238 60
286 706 40
39 65 3
39 627 98
692 756 65
249 369 2
920 926 96
882 621 65
252 214 5
629 540 62
629 525 86
629 999 72
782 82 72
575 646 36
575 889 6
575 280 93
575 560 69
361 686 6
361 576 95
361 877 93
361 548 65
302 206 61
723 628 39
723 65 35
153 154 86
774 876 87
808 5 14
694 979 60
938 771 94
855 822 100
855 738 56
548 812 28
507 359 48
397 716 25
928 419 95
120 838 61
120 392 74
838 287 58
838 443 65
553 765 71
231 582 19
235 924 15
235 141 6
391 788 90
627 791 92
627 328 79
791 328 85
791 206 48
305 740 75
305 395 87
740 951 33
596 924 47
596 579 15
596 509 34
857 66 26
857 579 74
857 601 81
408 337 40
660 687 37
844 463 68
884 946 47
946 760 4
946 463 72
924 262 3
643 505 5
337 440 50
440 716 69
582 755 64
582 325 74
163 149 3
163 312 81
149 505 64
149 861 22
238 192 25
261 566 57
566 760 77
566 516 1
569 454 56
277 765 78
277 214 31
918 999 39
175 642 73
175 649 72
193 753 68
193 357 20
193 953 22
419 450 87
419 414 55
450 523 37
583 738 78
583 53 52
583 776 33
583 841 93
583 929 89
309 764 52
764 334 39
227 914 14
214 427 41
47 434 12
434 653 35
434 151 95
703 687 11
765 979 5
460 645 68
460 164 55
460 586 89
645 866 95
645 141 59
257 653 63
257 721 1
257 567 90
672 356 75
672 55 66
967 455 40
356 868 35
303 530 53
287 388 78
287 972 26
315 670 27
82 199 22
824 922 20
824 642 83
300 533 87
806 164 40
262 493 76
262 455 83
186 912 91
186 114 62
530 705 96
706 661 93
359 861 20
359 972 50
756 260 16
705 700 35
80 228 29
80 951 58
634 203 45
273 17 42
273 369 83
939 278 48
576 931 40
576 822 99
576 312 84
931 814 98
567 870 17
463 870 49
698 395 57
454 653 7
653 599 91
653 564 23
306 114 66
65 525 40
65 684 90
251 72 69
495 395 17
721 439 76
410 708 17
410 964 35
708 256 74
708 684 93
138 312 87
369 972 31
369 612 94
334 217 34
870 218 98
870 427 25
318 868 74
868 929 17
868 43 3
72 670 32
621 718 82
621 180 30
455 256 100
525 443 7
814 788 53
926 586 64
181 953 33
96 533 90
96 218 42
684 53 49
414 523 85
180 43 56
325 586 15
586 718 19
755 188 4
914 198 84
689 876 46
689 878 31
689 22 83
649 889 10
889 388 82
151 418 20
900 399 90
900 388 14
828 982 55
828 951 53
953 773 32
206 982 58
206 423 59
822 716 85
116 200 61
116 877 78
49 21 64
49 200 79
130 176 30
628 210 100
256 890 90
599 929 39
762 53 64
139 280 95
280 141 69
890 753 45
544 203 73
210 52 5
776 483 70
483 951 26
533 312 96
52 716 73
218 43 6
878 21 40
164 681 67
399 21 82
560 932 5
43 557 3
606 395 64
