2500 6250
1452 1821 27
1452 1928 43
1452 964 27
1452 1872 5
1452 1431 88
1821 707 74
1821 566 62
1821 6 12
1821 2149 16
1570 1813 66
1570 1605 2
1570 272 93
1570 2494 77
1570 1631 11
1813 2387 59
1813 175 49
1813 1058 51
1813 2476 5
539 1073 20
539 1125 33
539 1950 52
539 894 52
539 2378 93
1073 1231 31
1073 1276 42
1073 662 59
1073 1209 32
450 735 44
450 1568 81
450 1882 60
450 1185 90
450 1402 58
735 669 10
735 442 23
735 1825 11
735 2365 37
392 1962 56
392 1455 6
392 185 29
392 1551 51
392 1655 79
1962 1791 62
1962 79 27
1962 1666 17
1962 1863 52
1023 1536 67
1023 904 27
1023 642 38
1023 1900 99
1023 1405 62
1536 581 66
1536 309 21
1536 1961 10
1536 780 89
2015 2284 84
2015 270 68
2015 615 41
2015 546 87
2015 1143 27
2284 1643 52
2284 1903 78
2284 2183 66
2284 380 21
2256 2410 97
2256 105 96
2256 2232 66
2256 1933 36
2256 1942 29
2410 839 59
2410 2346 36
2410 2078 19
2410 2319 44
1638 2297 24
1638 191 87
1638 1640 74
1638 1251 82
1638 1890 62
2297 925 79
2297 1788 50
2297 2081 27
2297 63 31
1404 2130 41
1404 1064 25
1404 394 23
1404 1908 3
1404 105 17
2130 2275 84
2130 666 1
2130 1194 48
2130 746 26
222 992 47
222 1777 59
222 910 85
222 1578 55
222 1561 21
992 1341 85
992 18 23
992 403 81
992 849 89
39 1514 58
39 1830 95
39 2178 43
39 2180 22
39 2392 7
1514 924 26
1514 341 89
1514 1491 50
1514 2266 40
961 1826 79
961 2391 73
961 1072 64
961 1422 44
961 79 62
1826 459 95
1826 302 1
1826 1534 76
1826 2495 66
61 1798 95
61 1045 91
61 937 12
61 2388 60
61 225 3
1798 824 97
1798 517 17
1798 594 100
1798 1799 27
1150 1496 42
1150 535 8
1150 2339 78
1150 1397 98
1150 1670 75
1496 1967 68
1496 2132 76
1496 1941 88
1496 1375 5
1628 2289 56
1628 469 53
1628 451 96
1628 415 34
1628 2054 13
2289 396 9
2289 2146 21
2289 996 45
2289 1368 93
284 1318 47
284 326 4
284 1390 4
284 2183 97
284 1756 31
1318 2184 14
1318 1354 49
1318 2106 14
1318 1732 68
403 1683 31
403 271 100
403 1649 81
403 1455 64
1683 760 84
1683 173 73
1683 1834 72
1683 1186 80
809 910 30
809 745 15
809 1147 42
809 2349 45
809 1887 25
910 1634 29
910 1609 30
910 1482 75
2001 2241 56
2001 1983 22
2001 686 27
2001 903 75
2001 936 24
2241 2402 75
2241 828 19
2241 768 30
2241 1330 60
1156 2186 6
1156 701 68
1156 705 43
1156 346 46
1156 1434 47
2186 1729 24
2186 2269 80
2186 1827 21
2186 1689 14
598 1104 1
598 1954 65
598 1883 53
598 485 69
598 1562 21
1104 466 26
1104 2178 60
1104 1004 6
1104 581 45
484 1793 17
484 2092 78
484 1008 53
484 638 29
484 2285 47
1793 154 92
1793 178 51
1793 2012 20
1793 1597 87
1134 1609 47
1134 202 12
1134 263 10
1134 1803 23
1134 2368 1
1609 1406 44
1609 2430 5
1609 2366 92
3 931 36
3 237 42
3 1031 36
3 708 91
3 1493 65
931 1871 78
931 1732 7
931 2103 92
931 1714 40
584 684 44
584 2028 9
584 2331 9
584 2385 80
584 900 11
684 1971 87
684 1227 32
684 1952 56
684 1208 29
804 2148 27
804 1840 56
804 1796 96
804 2172 30
804 1167 64
2148 639 22
2148 2283 59
2148 1840 45
2148 1791 72
778 927 36
778 75 96
778 833 24
778 1187 27
778 508 94
927 942 11
927 1131 98
927 170 58
927 2272 66
876 2253 76
876 1641 96
876 65 48
876 1442 26
876 1886 30
2253 1911 70
2253 1579 28
2253 1878 35
2253 2104 17
246 1857 95
246 680 46
246 1823 45
246 634 20
246 2044 20
1857 803 35
1857 538 61
1857 468 79
1857 877 41
867 2433 90
867 1887 83
867 367 71
867 1288 57
867 811 36
2433 957 89
2433 1732 7
2433 1513 56
2433 922 44
755 1734 69
755 1791 84
755 1213 71
755 1984 14
755 1167 86
1734 379 5
1734 2373 48
1734 2026 9
1734 575 65
414 1441 75
414 437 17
414 2025 65
414 341 85
414 2218 98
1441 104 47
1441 276 33
1441 971 49
1441 1794 30
1305 1612 89
1305 1540 91
1305 2274 25
1305 1945 86
1305 1301 76
1612 43 10
1612 419 40
1612 1472 66
1612 423 45
694 1458 88
694 361 9
694 1922 87
694 389 52
694 1418 57
1458 748 81
1458 1688 79
1458 775 58
1458 2081 80
167 1978 82
167 1296 32
167 2274 60
167 2124 78
167 1115 70
1978 370 66
1978 1058 44
1978 2341 69
1978 1027 35
437 1802 100
437 1620 48
437 479 86
437 1757 10
1802 2221 36
1802 2223 37
1802 1292 58
1802 1884 33
2159 2167 48
2159 2391 90
2159 315 97
2159 1048 10
2159 2304 56
2167 146 42
2167 1372 52
2167 1382 26
2167 2108 24
296 402 75
296 646 10
296 932 43
296 53 28
296 1639 2
402 352 49
402 1767 84
402 2011 55
402 955 32
299 2097 69
299 1740 35
299 620 69
299 1032 48
299 1499 19
2097 577 1
2097 1450 49
2097 1483 43
2097 2227 64
1620 1889 99
1620 1494 44
1620 161 14
1620 1264 76
1889 1740 18
1889 509 15
1889 1031 16
1889 1389 12
19 767 99
19 920 32
19 1608 11
19 351 98
19 1133 89
767 358 90
767 727 45
767 1741 37
767 1114 66
1137 1920 28
1137 200 89
1137 1563 45
1137 2154 56
1137 1362 100
1920 211 43
1920 529 16
1920 148 66
1920 1661 75
890 1262 42
890 2036 27
890 691 97
890 488 90
890 1885 42
1262 117 55
1262 248 92
1262 2416 37
1262 2048 1
101 2233 84
101 590 51
101 1324 31
101 710 78
101 1754 19
2233 102 17
2233 2082 22
2233 662 48
2233 731 50
1854 1948 68
1854 1260 66
1854 824 28
1854 673 85
1854 1380 91
1948 545 70
1948 313 3
1948 1182 60
1948 582 17
2 1702 53
2 1468 45
2 1996 97
2 2151 73
2 543 81
1702 281 2
1702 2377 32
1702 1897 64
1702 1364 5
193 250 17
193 1045 61
193 1088 95
193 601 73
193 565 78
250 1122 91
250 637 59
250 1180 99
250 269 60
513 2443 79
513 1801 45
513 680 83
513 1456 20
513 664 9
2443 872 9
2443 1271 8
2443 336 93
2443 1528 96
446 467 66
446 1430 88
446 2336 23
446 785 2
446 1836 72
467 380 8
467 2470 31
467 560 81
467 660 36
350 1927 93
350 1476 19
350 2272 37
350 2449 67
350 1538 25
1927 2471 21
1927 2092 14
1927 2395 24
1927 355 98
2077 2370 47
2077 795 63
2077 306 76
2077 941 83
2077 1184 85
2370 365 7
2370 1731 10
2370 1286 90
2370 525 90
472 2038 64
472 534 100
472 1745 91
472 1430 27
472 425 57
2038 2421 31
2038 2356 9
2038 1205 80
2038 1516 73
883 1343 31
883 2088 35
883 285 46
883 700 40
883 2439 82
1343 2139 90
1343 758 45
1343 9 87
1343 1903 63
708 1756 40
708 930 83
708 2323 42
708 897 41
1756 807 26
1756 1436 69
1756 1028 100
396 2164 86
396 2163 80
396 93 9
396 245 81
2164 541 76
2164 2367 13
2164 1544 27
2164 267 90
852 983 57
852 323 81
852 1494 16
852 1862 81
852 258 49
983 1122 21
983 1171 86
983 1087 17
983 981 59
826 1748 26
826 2348 95
826 817 46
826 1508 12
826 1984 63
1748 1929 47
1748 1031 3
1748 2464 83
1748 2490 12
1111 2146 95
1111 2063 38
1111 486 90
1111 1219 12
1111 1300 79
2146 863 61
2146 1988 23
2146 62 24
1114 1626 49
1114 177 82
1114 1440 83
1114 1805 26
1626 936 7
1626 462 51
1626 209 82
1626 618 10
899 1408 28
899 547 40
899 724 93
899 787 40
899 1846 96
1408 644 89
1408 736 74
1408 1130 79
1408 26 39
221 1530 32
221 1062 26
221 1561 80
221 866 26
221 1832 87
1530 2279 64
1530 2446 22
1530 2103 17
1530 1102 64
895 1703 85
895 2126 72
895 2365 71
895 426 17
895 1088 16
1703 2078 39
1703 1270 27
1703 460 36
1703 1912 9
2080 2129 61
2080 536 8
2080 145 65
2080 2461 50
2080 1257 57
2129 2384 18
2129 2044 81
2129 177 37
2129 1611 3
356 900 79
356 2254 79
356 1807 31
356 1747 19
356 2413 50
900 141 58
900 135 59
900 1944 89
1801 2448 82
1801 2298 72
1801 106 40
1801 990 89
2448 1200 81
2448 1382 36
2448 1619 65
2448 117 2
975 1174 77
975 1416 63
975 1846 70
975 944 26
975 1487 86
1174 1868 55
1174 1188 29
1174 1770 83
1174 795 90
540 2414 8
540 499 1
540 7 3
540 1196 91
540 401 69
2414 370 59
2414 1933 55
2414 367 70
2414 1230 67
1083 1121 2
1083 353 49
1083 2411 16
1083 1190 37
1083 352 60
1121 762 95
1121 2087 79
1121 2036 51
1121 2320 41
759 2229 5
759 1116 15
759 1039 66
759 2039 90
759 1374 19
2229 1875 69
2229 406 92
2229 1226 8
2229 2473 3
669 1252 22
669 933 87
669 989 39
669 833 43
1252 1232 63
1252 1990 72
1252 1316 97
1252 1487 73
182 1659 8
182 909 5
182 819 90
182 1067 9
182 318 48
1659 2226 68
1659 1644 7
1659 1279 19
1659 611 73
438 1356 46
438 1760 42
438 664 81
438 1079 37
438 212 3
1356 585 96
1356 1120 79
1356 357 32
1356 10 96
653 1015 39
653 1555 72
653 1888 27
653 1280 34
653 489 54
1015 1618 68
1015 471 45
1015 1309 48
1015 1788 32
1785 2332 33
1785 1820 78
1785 2165 30
1785 2156 1
1785 41 95
2332 746 8
2332 744 95
2332 2320 8
2332 444 91
416 779 62
416 1652 68
416 1660 52
416 1301 75
416 120 59
779 791 59
779 447 47
779 563 99
779 980 48
1401 1817 62
1401 1643 68
1401 2243 33
1401 1917 73
1401 1439 10
1817 1950 67
1817 143 92
1817 1319 97
1817 1942 38
74 2247 77
74 1310 4
74 1469 4
74 1691 59
74 1022 58
2247 2490 83
2247 395 14
2247 777 10
2247 2021 26
2245 2438 30
2245 2118 13
2245 2492 5
2245 1108 53
2245 1898 64
2438 1478 93
2438 753 88
2438 1732 38
2438 1952 59
225 2416 78
225 1916 28
225 2498 12
225 1507 67
2416 1851 4
2416 837 76
2416 1159 49
1416 1560 96
1416 1068 95
1416 2169 27
1416 592 52
1816 2032 54
1816 696 91
1816 858 43
1816 1642 94
1816 1185 58
2032 1997 18
2032 1641 59
2032 1086 55
2032 1066 60
207 561 87
207 677 5
207 1518 44
207 1197 70
207 155 59
561 552 72
561 2071 38
561 264 61
561 1584 3
921 2119 83
921 1432 38
921 2369 47
921 691 4
921 1761 94
2119 635 99
2119 365 67
2119 670 58
2119 1529 64
1448 2279 12
1448 88 58
1448 1586 29
1448 2485 85
1448 610 85
2279 1450 35
2279 1651 86
2279 594 26
2384 1770 51
2384 1082 44
2384 2090 98
2384 2150 50
1820 2043 73
1820 556 17
1820 2154 25
1820 2200 75
2043 1162 14
2043 1895 82
2043 1713 92
2043 2128 46
1286 2338 74
1286 1560 7
1286 529 12
1286 1914 85
2338 2228 10
2338 1994 80
2338 2152 96
2338 1886 74
1868 1778 52
1868 2246 22
1868 57 39
1868 871 74
1840 1277 31
1840 1043 68
1840 1929 1
31 1853 60
31 498 23
31 2474 82
31 795 28
31 831 28
1853 936 72
1853 911 65
1853 2115 10
1853 1780 82
1077 1935 27
1077 2494 82
1077 1162 47
1077 146 24
1077 1949 78
1935 1842 47
1935 1383 37
1935 792 25
1935 204 77
12 1611 76
12 2267 23
12 2209 35
12 1391 90
12 1939 82
1611 1411 55
1611 1930 10
1611 490 15
72 1625 43
72 1681 20
72 1977 31
72 481 25
72 183 53
1625 241 8
1625 1792 85
1625 95 75
1625 2482 41
244 685 44
244 1763 70
244 2000 41
244 2371 62
244 512 85
685 1723 23
685 96 14
685 1770 71
685 249 83
507 1553 95
507 1544 98
507 897 45
507 1582 65
507 634 74
1553 731 82
1553 2446 54
1553 568 5
1553 2458 82
1527 2400 31
1527 1559 67
1527 541 13
1527 2110 66
1527 367 9
2400 514 16
2400 1274 80
2400 729 42
2400 2068 52
2184 2441 18
2184 1178 55
2184 97 33
2184 1054 38
2441 655 42
2441 1135 60
2441 689 96
2441 1260 32
434 2014 44
434 189 74
434 1753 11
434 1425 13
434 159 29
2014 2131 100
2014 199 9
2014 593 81
2014 2147 52
1843 1882 94
1843 2194 59
1843 903 48
1843 1039 60
1843 318 85
1882 1324 94
1882 1812 2
1882 2276 79
719 914 14
719 380 15
719 1253 54
719 1443 89
719 357 89
914 86 2
914 1954 58
914 723 26
914 620 13
249 2197 67
249 1341 55
249 474 83
249 1282 34
2197 1270 40
2197 706 59
2197 2238 50
2197 1540 64
649 855 57
649 1524 23
649 94 89
649 2470 75
649 62 3
855 780 61
855 308 7
855 452 10
855 1466 19
1175 2362 88
1175 1435 67
1175 518 73
1175 358 34
1175 1158 84
2362 1742 76
2362 1010 92
2362 1523 41
2362 1765 96
1851 2207 81
1851 1623 3
1851 1654 81
1851 1444 67
26 354 29
26 580 31
26 1616 2
26 2398 3
354 1179 9
354 667 2
354 211 64
354 1204 12
158 739 10
158 720 87
158 592 45
158 1576 19
158 269 78
739 1996 63
739 1014 87
739 1418 71
739 1413 5
1574 1586 78
1574 1373 65
1574 17 52
1574 1692 50
1574 534 20
1586 1874 87
1586 2325 31
1586 620 98
1129 2367 100
1129 1563 2
1129 528 9
1129 1037 50
1129 1283 32
2367 2491 56
2367 2111 34
2367 1938 99
326 1376 100
326 2049 58
326 268 57
326 763 72
1258 2252 83
1258 1339 19
1258 1825 33
1258 1991 43
1258 471 42
2252 950 2
2252 2174 62
2252 659 98
2252 370 17
2174 2224 99
2174 535 49
2174 1615 61
2174 734 39
2224 984 98
2224 889 15
2224 1102 98
2224 1680 53
648 1276 16
648 1807 54
648 195 62
648 1362 66
648 1975 6
1276 1957 56
1276 1235 94
1276 1132 58
269 462 12
269 1713 77
269 58 98
462 1394 21
462 8 100
462 1487 90
1411 2467 29
1411 1668 69
1411 1714 81
1411 2322 34
2467 1955 16
2467 1033 3
2467 1819 44
2467 44 34
272 2194 93
272 2128 17
272 1940 85
272 150 68
2194 1858 3
2194 1569 49
2194 371 22
688 1089 47
688 2258 81
688 1426 79
688 1112 53
688 2216 50
1089 847 77
1089 322 39
1089 858 47
1089 1877 30
361 1005 39
361 1842 39
361 2375 13
361 292 40
1727 1949 53
1727 123 77
1727 1004 7
1727 489 95
1727 2275 30
1949 100 38
1949 1018 34
1949 1443 57
405 737 15
405 1222 88
405 2339 56
405 2449 90
405 275 53
737 551 85
737 1177 59
737 474 58
737 587 21
517 978 51
517 54 12
517 1431 98
517 2024 16
978 787 94
978 1845 84
978 2168 30
978 1424 64
1234 2016 65
1234 1220 98
1234 1444 44
1234 2106 98
1234 481 36
2016 1697 10
2016 1791 87
2016 846 68
2016 1117 22
35 1463 25
35 1025 42
35 1256 11
35 1687 53
35 1608 71
1463 8 71
1463 1532 80
1463 301 96
1463 635 98
1855 2363 6
1855 2305 100
1855 410 57
1855 1541 39
1855 2062 9
2363 827 96
2363 1979 87
2363 41 26
2363 2238 26
587 2205 80
587 1809 81
587 2407 6
587 2091 58
2205 460 57
2205 265 58
2205 2227 10
2205 2160 92
734 912 83
734 2075 44
734 1690 34
734 1921 33
912 2475 82
912 786 8
912 1565 34
912 2418 86
192 629 64
192 1041 54
192 599 14
192 459 68
192 1747 17
629 1256 12
629 1472 51
629 1273 54
629 615 42
720 748 36
720 310 29
720 1706 71
720 260 21
748 1886 24
748 2469 22
748 2392 94
682 2442 4
682 1093 90
682 2009 51
682 386 65
682 1035 72
2442 1321 95
2442 1615 29
2442 28 26
2442 2144 65
465 1690 54
465 1616 96
465 2034 13
465 938 49
465 582 59
1690 1657 60
1690 762 31
1690 2373 68
1903 2296 92
1903 1237 87
1903 1995 87
2296 334 33
2296 2378 67
2296 1225 37
2296 1892 72
20 522 78
20 1650 83
20 1623 38
20 2399 44
20 2456 47
522 262 81
522 894 31
522 2385 18
522 2323 4
412 1800 58
412 2157 61
412 1479 65
412 2213 46
412 2250 56
1800 847 88
1800 1981 55
1800 1877 66
1800 499 15
731 2161 26
731 945 90
731 999 63
822 917 58
822 1687 1
822 1046 90
822 625 40
822 1232 72
917 504 98
917 1346 24
917 2408 13
917 1040 64
163 2035 1
163 655 91
163 2158 57
163 0 81
163 1587 2
2035 1587 88
2035 859 82
2035 496 71
2035 1414 49
2028 2099 98
2028 690 95
2028 254 65
2028 1880 22
325 1279 59
325 1387 41
325 1547 59
325 2046 47
325 627 58
1279 436 71
1279 1283 24
1279 999 87
58 935 36
58 2189 50
58 894 16
58 573 89
935 2315 83
935 589 91
935 186 37
935 1166 40
982 2074 93
982 551 50
982 1378 83
982 2166 26
982 300 27
2074 14 89
2074 2348 29
2074 204 2
2074 1239 35
441 2393 90
441 1627 32
441 220 16
441 1995 6
441 381 4
2393 146 94
2393 1772 20
2393 2090 67
2393 873 45
152 304 33
152 422 37
152 1636 25
152 1651 51
152 1315 73
304 2063 61
304 877 9
304 390 91
304 1172 44
227 1646 38
227 515 95
227 1260 16
227 1000 43
227 544 11
1646 1264 98
1646 636 63
1646 488 5
1646 1916 90
108 234 96
108 5 90
108 1091 99
108 1969 64
108 1786 83
234 1424 23
234 1844 23
234 1338 19
234 636 65
1321 2343 66
1321 878 20
1321 1937 51
1321 40 83
956 1792 8
956 1961 100
956 2300 1
956 156 7
956 1051 10
1792 893 72
1792 1542 79
1792 55 92
345 1867 41
345 2234 4
345 1178 59
345 1446 44
345 215 3
1867 147 39
1867 1021 59
1867 1266 75
1867 1028 85
589 2264 31
589 1846 89
589 785 89
589 113 59
2264 1293 38
2264 1803 88
2264 886 25
2264 2339 22
145 301 22
145 1758 71
145 1979 47
145 672 3
301 679 75
301 181 40
301 2177 43
1339 2309 96
1339 2042 59
1339 1761 9
1339 2246 80
1618 2139 23
1618 676 58
1618 369 95
1618 487 59
423 2460 33
423 1593 69
423 516 65
423 2228 12
2460 1466 16
2460 659 10
2460 1198 34
2460 2331 40
560 1977 27
560 1152 44
560 2372 16
560 2008 70
1977 1735 32
1977 1795 11
1977 857 8
183 2219 34
183 1860 32
183 236 18
183 1034 99
2219 360 90
2219 1284 51
2219 1526 23
2219 612 4
1914 2138 71
1914 198 32
1914 1453 32
1914 236 48
2138 1079 86
2138 1243 34
2138 2135 24
2138 2395 45
1528 2368 94
1528 1556 1
1528 1585 58
1528 1096 22
2368 53 97
2368 1094 36
2368 1043 91
1509 2089 93
1509 2196 46
1509 1777 69
1509 1499 37
1509 702 88
2089 2424 90
2089 994 8
2089 2177 72
2089 1142 15
456 836 50
456 918 53
456 2347 82
456 1847 22
456 791 9
836 788 94
836 454 88
836 1934 36
836 897 44
746 1691 50
746 2499 65
746 1051 17
1341 2335 25
1341 1633 56
1341 1742 53
431 1008 18
431 43 28
431 2280 34
431 1639 48
431 140 33
1008 2268 27
1008 1627 24
1008 1063 56
1152 1973 34
1152 1116 13
1152 1326 70
1152 1666 10
1973 1091 82
1973 421 27
1973 28 95
1973 1350 69
830 1693 4
830 1303 3
830 718 6
830 860 51
830 2377 45
1693 1848 45
1693 313 91
1693 588 92
1693 1494 94
208 1875 88
208 885 44
208 1997 28
208 69 20
208 1334 81
1875 2037 86
1875 1912 38
1875 2444 90
593 1457 9
593 2430 90
593 70 87
593 967 3
1457 1548 19
1457 2329 17
1457 224 94
1457 2481 100
848 1454 27
848 1997 23
848 1590 26
848 1818 59
848 2319 47
1454 749 16
1454 1739 37
1454 1402 83
1454 1135 67
1013 1750 40
1013 4 100
1013 2468 13
1013 1725 15
1013 458 1
1750 2343 83
1750 2415 100
1750 856 13
1750 1647 73
880 1406 16
880 1093 38
880 2485 96
880 2166 3
880 2095 5
1406 2299 97
1406 968 51
1406 178 39
343 2221 15
343 505 55
343 1728 12
343 1122 60
343 1969 87
2221 924 1
2221 289 34
2221 679 21
126 1432 96
126 1812 62
126 968 96
126 915 60
126 11 78
1432 784 6
1432 1939 19
1432 1541 33
1116 1221 47
1116 2200 68
1116 581 45
762 964 26
762 1987 60
762 650 76
1652 808 83
1652 1210 5
1652 1153 6
1652 219 83
498 610 44
498 1403 84
498 123 80
498 1513 31
34 2230 73
34 2361 14
34 757 91
34 2210 10
34 2269 45
2230 418 28
2230 1619 40
2230 340 71
2230 1500 4
2391 1215 36
2391 155 76
2391 2113 63
656 1755 58
656 393 90
656 1901 92
656 333 7
656 2382 21
1755 769 46
1755 2005 7
1755 1545 3
1755 1322 31
1643 11 76
1643 2445 10
1643 1873 75
1348 1982 72
1348 2173 74
1348 339 18
1348 2444 33
1348 1350 93
1982 635 74
1982 1072 62
1982 1266 77
1982 939 55
1587 21 42
1587 2287 14
1587 69 20
709 1766 99
709 297 3
709 334 39
709 1314 85
709 226 21
1766 1887 85
1766 2060 54
1766 2469 68
1766 1866 21
1139 1579 35
1139 754 24
1139 1075 10
1139 1046 14
1139 915 42
1579 161 31
1579 1559 55
1579 1398 72
850 1476 74
850 630 47
850 338 61
850 253 22
850 364 80
1476 665 1
1476 285 82
1476 2432 33
942 2360 68
942 1026 68
942 494 87
942 2111 74
1598 1635 30
1598 1124 48
1598 650 5
1598 1970 12
1598 1288 95
1635 1590 26
1635 1161 56
1635 42 40
1635 2020 47
216 1604 26
216 1230 99
216 543 10
216 892 93
216 334 36
1604 2161 40
1604 2031 88
1604 2273 78
1604 1396 36
2081 2277 71
2081 353 39
2081 1290 60
2277 704 11
2277 1332 97
2277 1839 20
2277 1642 5
5 165 100
5 1500 37
5 11 52
5 346 13
1037 2470 78
1037 1418 55
1037 1554 50
1037 1835 47
2470 721 48
2470 1896 54
667 1247 83
667 1357 22
667 1640 28
667 1109 31
1247 1639 18
1247 1190 67
1247 820 38
1247 1941 84
2475 2022 46
2475 2193 63
2475 1940 79
2475 2181 64
248 1263 8
248 1673 48
248 281 63
248 417 49
1263 2235 55
1263 233 7
1263 582 96
1263 1503 13
604 2359 63
604 812 11
604 487 53
604 2116 13
604 1493 9
2359 953 84
2359 747 28
2359 1383 73
2359 1259 40
1034 1943 6
1034 1061 86
1034 235 49
1034 348 88
1943 874 95
1943 949 50
1943 799 9
1943 2319 70
909 661 95
909 461 13
909 242 96
909 781 98
796 2300 91
796 390 44
796 22 50
796 134 25
796 1141 65
2300 2020 11
2300 2354 77
2300 1787 5
1929 989 24
1929 859 60
1929 295 72
411 1146 20
411 1018 3
411 48 32
411 1998 82
411 1115 56
1146 580 6
1146 726 9
1146 2432 38
1146 138 36
536 2316 67
536 1269 22
536 1566 87
536 1676 44
547 1946 22
547 2349 13
547 2206 50
547 1953 90
1946 1453 34
1946 1777 84
1946 475 56
1946 1964 24
511 2023 74
511 1407 38
511 1956 70
511 415 68
511 2340 74
2023 1231 46
2023 808 73
2023 696 7
2023 2457 78
139 2380 82
139 1945 12
139 314 92
139 427 57
139 1905 31
2380 2285 78
2380 725 76
2380 646 76
2380 1664 81
791 1726 6
791 980 91
791 801 76
1388 2067 54
1388 1548 72
1388 1472 52
1388 442 56
1388 398 41
2067 2493 73
2067 966 22
2067 615 17
2067 2483 33
954 1546 8
954 117 52
954 1472 35
954 714 37
954 2239 24
1546 2111 13
1546 2027 16
1546 1710 44
1546 521 14
635 783 94
635 1980 70
783 57 37
783 206 28
783 151 94
783 681 7
1376 2178 67
1376 494 84
1376 2110 52
1376 1656 76
2178 453 7
2178 2216 5
1246 2068 14
1246 1518 58
1246 135 8
1246 603 29
1246 2462 77
2068 938 31
2068 1158 59
2068 616 89
2128 1634 31
2128 817 9
2128 327 63
1251 2183 30
1251 211 57
1251 557 96
1251 2366 33
2183 490 80
2183 2220 68
292 794 48
292 534 80
292 1591 9
292 382 93
794 1079 17
794 818 79
794 1039 50
794 1032 65
147 1732 20
147 717 57
147 1511 80
147 123 90
164 1282 22
164 173 9
164 812 50
164 2169 63
164 1662 19
1282 1309 5
1282 305 90
1282 714 83
797 966 21
797 1493 45
797 810 30
797 483 51
797 111 41
966 278 97
966 1359 83
966 337 71
1564 1596 6
1564 1971 66
1564 400 52
1564 645 30
1564 1088 44
1596 749 52
1596 1465 4
1596 1711 89
1596 1708 28
623 1567 99
623 285 40
623 477 12
623 1961 47
623 1940 22
1567 2029 58
1567 1644 81
1567 1647 88
1567 2483 99
0 393 72
0 176 39
0 433 74
0 2358 53
393 1360 37
393 485 39
393 959 41
1038 1257 53
1038 2057 5
1038 704 51
1038 1372 4
1038 2268 37
1257 1332 23
1257 1865 69
1257 745 26
606 1371 68
606 1841 85
606 267 45
606 2192 92
606 1572 78
1371 56 29
1371 427 5
1371 1256 98
1371 24 21
1576 1835 35
1576 1543 49
1576 150 6
1576 2341 96
1835 1712 30
1835 790 74
1835 2162 12
1042 1901 99
1042 1520 64
1042 1093 38
1042 585 39
1042 1684 13
1901 1715 42
1901 1284 1
1901 2155 89
432 2386 1
432 2117 19
432 1060 67
432 376 95
432 881 6
2386 774 57
2386 2278 60
2386 607 86
2386 1694 7
2299 2019 77
2299 70 57
2299 715 30
2299 643 76
2309 2351 30
2309 1213 68
2309 229 55
2309 1656 31
169 700 10
169 2109 72
169 782 51
169 1512 54
169 2427 35
700 1869 74
700 2031 4
700 2020 81
1557 1714 44
1557 832 39
1557 84 4
1557 1421 21
1557 1919 32
1714 1215 56
1714 553 49
827 1870 54
827 1069 60
827 1469 90
827 1658 43
756 1436 17
756 1128 66
756 628 31
756 712 59
756 1309 66
1436 181 53
1436 1025 77
1436 1616 65
83 633 87
83 1928 82
83 2399 13
83 861 11
83 1078 24
633 2428 94
633 1808 21
633 2481 55
633 2285 13
184 1210 49
184 130 80
184 1588 66
184 1370 55
184 2449 73
1210 768 54
1210 554 56
1210 172 9
557 1455 90
557 1924 3
557 1132 73
557 1176 23
1455 1858 76
1455 1397 18
1245 1829 74
1245 2325 49
1245 157 16
1245 1337 2
1245 307 47
1829 168 9
1829 583 47
1829 1537 70
1829 1559 33
1216 2323 49
1216 618 9
1216 840 38
1216 659 90
1216 357 37
2323 546 63
2323 849 84
455 1444 58
455 583 10
455 1993 66
455 251 29
455 2079 59
1444 2149 73
1444 1899 62
179 2034 3
179 1285 87
179 1823 69
179 2472 63
179 609 71
2034 1719 51
2034 116 86
2034 335 90
1597 2136 54
1597 140 97
1597 736 2
1597 2225 87
2136 2395 11
2136 2091 78
2136 2488 33
2136 1294 48
1117 1270 54
1117 1923 100
1117 387 34
1117 85 55
1270 1078 5
1270 1154 72
1190 1260 91
1190 132 76
1190 515 14
1260 1521 34
525 577 93
525 245 60
525 1839 22
525 837 25
577 210 70
577 1233 7
577 383 99
323 362 32
323 2145 53
323 1115 22
323 1988 80
362 1165 41
362 1534 66
362 1377 80
362 384 73
815 824 10
815 2090 2
815 871 12
815 2098 75
815 1541 18
824 2463 1
824 406 11
114 1945 42
114 2288 63
114 2412 61
114 2261 22
114 1390 39
1945 215 38
1945 1124 47
578 588 35
578 624 14
578 215 19
578 1344 44
578 1893 36
588 353 60
588 336 11
588 1915 91
516 1696 71
516 463 10
516 2462 51
516 2468 70
1696 901 21
1696 1179 34
1696 939 93
1696 558 69
1856 1959 16
1856 2437 8
1856 231 11
1856 2419 22
1856 951 6
1959 2445 60
1959 1266 33
1959 312 87
1959 485 97
32 829 75
32 879 98
32 652 73
32 533 63
32 535 53
829 1157 15
829 793 38
829 750 9
829 519 95
314 2464 3
314 77 39
314 2456 44
314 1520 58
2464 1827 93
2464 1675 25
2464 947 28
16 821 94
16 320 21
16 69 60
16 613 70
16 1662 81
821 1990 36
821 2092 63
821 36 71
821 1284 68
859 363 97
859 2062 73
859 1495 15
1060 1271 51
1060 624 100
1060 1236 15
1060 1588 58
1271 1172 87
1271 1878 27
1271 1624 4
646 1289 31
646 2210 57
646 913 82
1569 2316 13
1569 1419 97
1569 1516 9
1569 2125 50
2316 1396 79
2316 474 65
2316 1873 73
528 888 46
528 1410 100
528 1665 87
528 882 69
888 224 76
888 1180 66
888 1417 92
888 738 50
951 991 94
951 1661 63
951 2142 55
951 82 72
991 477 27
991 882 29
991 599 80
991 861 94
1650 2121 45
1650 2301 50
1650 445 26
1650 1672 66
23 1884 26
23 1397 64
23 1874 60
23 806 27
23 1231 83
1884 2124 3
1884 2313 44
1884 976 39
81 842 31
81 2495 53
81 2346 74
81 1220 100
81 526 67
842 2356 56
842 389 55
842 1394 22
842 1561 82
984 2336 63
984 1704 27
984 1866 70
984 1870 53
2336 1814 52
2336 2259 50
2336 355 32
1494 1186 26
1494 2462 15
1518 480 64
1518 99 56
1518 2291 48
838 2218 49
838 1780 58
838 1017 62
838 1053 41
838 2280 27
2218 2237 51
2218 1694 16
2218 1782 81
993 1109 89
993 1993 65
993 132 1
993 422 9
993 1915 28
1109 1409 82
1109 1261 25
1109 2231 99
1296 493 45
1296 2261 16
1296 142 18
1296 875 78
146 944 53
146 2041 72
944 25 50
944 133 27
944 338 5
546 1292 36
546 189 99
546 1958 86
1292 518 77
1292 687 2
1292 1739 41
439 937 19
439 1675 6
439 1090 70
439 1070 3
439 1206 10
937 327 94
937 1968 59
937 1648 50
191 1360 1
191 358 40
191 958 92
191 562 9
1360 201 47
1360 924 25
1360 237 92
255 298 57
255 1030 19
255 251 40
255 1142 79
255 1797 32
298 1290 52
298 2389 1
298 1312 49
298 2479 23
2149 2026 31
2149 696 72
2149 383 80
1039 2100 24
1039 1394 5
2100 1671 91
2100 1591 87
2100 1845 44
2100 844 40
297 726 78
297 276 4
297 1462 28
297 1470 79
1122 1123 42
1122 2171 23
1473 1803 27
1473 159 93
1473 673 93
1473 1227 95
1473 1744 87
1803 1052 55
1803 483 12
514 2383 23
514 1238 24
514 806 46
514 1712 51
1064 2049 95
1064 4 62
1064 2123 11
1064 789 72
2049 2144 18
2049 1063 99
2049 967 41
823 940 62
823 1172 52
823 1293 33
823 1966 1
823 1092 94
940 1342 26
940 886 32
940 30 92
940 201 95
138 1066 49
138 1307 44
138 1721 92
138 103 37
1066 538 28
1066 1068 38
1066 493 57
181 1482 97
181 805 85
181 2114 91
1700 1967 14
1700 2327 84
1700 1366 92
1700 510 64
1700 2293 100
1967 1744 29
1967 586 69
1967 378 52
1310 599 69
1310 1877 73
1310 1758 8
1310 795 33
256 563 70
256 212 87
256 1737 95
256 1442 54
256 1862 36
563 1212 44
563 428 63
563 2110 34
257 1431 20
257 2354 1
257 901 83
257 1079 4
257 1571 21
1431 1585 41
1431 2196 100
66 668 47
66 1614 68
66 135 33
66 757 64
66 251 55
668 2451 10
668 316 59
668 1205 2
668 538 17
576 1413 80
576 828 41
576 1446 36
576 1505 100
576 1815 43
1413 621 11
1413 2334 91
1413 728 52
552 1731 21
552 1678 90
552 1055 96
552 1171 31
1549 1919 88
1549 1510 30
1549 2411 83
1549 1709 56
1549 884 100
1919 1254 7
1919 1450 11
1919 331 45
348 1670 6
348 489 92
348 223 85
348 1130 71
1670 1480 19
1670 1456 12
1670 2351 13
2235 1140 40
2235 2281 63
2235 2115 27
2235 2201 58
612 733 69
612 1640 48
612 2007 7
612 2152 76
733 2120 34
733 1725 72
733 2387 17
733 68 54
2105 2258 49
2105 678 86
2105 2109 54
2105 253 48
2105 530 57
2258 268 55
2258 1746 65
2258 1255 83
427 687 88
427 1287 49
427 1242 12
687 1774 10
687 2262 99
687 1502 14
786 1788 99
786 1215 100
786 1738 14
786 580 82
1788 2271 43
1788 1965 12
920 2017 95
920 454 1
920 1663 82
920 1222 9
2017 1953 95
2017 1057 75
2017 1159 79
2017 2418 57
1128 858 38
1128 680 3
1128 987 26
1128 1447 90
1725 2158 7
1725 969 32
1725 201 39
2158 264 100
2158 1437 18
2158 1303 7
67 502 36
67 2329 42
67 235 25
67 957 5
67 252 36
502 344 49
502 1588 71
502 1911 69
502 2333 20
657 1499 94
657 1297 7
657 168 72
657 1237 41
657 1713 99
1499 45 97
1499 1503 3
1131 1544 8
1131 2199 42
1131 1316 21
1131 967 8
1892 2042 85
1892 57 29
1892 2058 15
1892 1775 1
2042 2389 46
2042 1272 63
2042 676 3
608 1085 87
608 655 43
608 1178 39
608 123 92
608 2107 42
1085 1467 7
1085 1449 99
1085 705 64
1085 2278 1
1256 1535 2
1256 476 92
1535 1168 76
1535 2111 28
1535 843 22
1535 2006 70
117 1433 34
117 1657 89
480 1021 70
480 1320 55
480 872 86
480 2207 60
1021 1789 62
1021 2318 46
1021 477 96
1848 2120 26
1848 2166 90
1848 2141 97
1848 1960 43
2120 1653 20
2120 1722 14
2120 1182 94
710 1483 79
710 1951 18
710 238 98
710 1571 95
1483 428 39
1483 504 85
1483 1240 92
784 382 63
784 1592 72
784 835 84
784 2185 72
137 1621 47
137 1491 68
137 1344 41
137 339 49
137 271 33
1621 1669 58
1621 228 25
1621 1593 40
1621 745 71
510 2132 26
510 2312 95
510 1814 78
510 1706 55
2132 1999 50
2132 2153 82
2132 2122 76
1126 2364 84
1126 1354 24
1126 2082 17
1126 1 61
1126 2191 5
2364 473 46
2364 591 71
2364 2155 69
2364 2269 46
533 1032 86
533 1498 50
533 264 24
533 495 63
1032 1864 43
1032 1660 7
1789 1964 81
1789 1832 30
1789 1507 49
1789 1001 16
211 680 87
211 2003 13
94 1106 74
94 243 37
94 663 33
94 1577 75
1106 1113 60
1106 2267 17
1106 464 16
1106 50 3
1891 2059 4
1891 1861 10
1891 1069 63
1891 1735 2
1891 751 60
2059 219 16
2059 1381 19
2059 372 52
2059 294 88
1791 554 78
443 2199 70
443 1838 95
443 1523 75
443 1096 61
443 1014 37
2199 1716 100
2199 1332 25
2199 614 48
630 2025 95
630 121 38
630 177 89
630 851 57
2025 149 6
2025 320 42
2025 936 60
933 464 82
933 641 48
933 303 27
933 475 90
466 870 60
466 544 26
466 1395 44
466 1398 15
870 1050 44
870 2388 55
870 300 57
870 943 26
1510 1931 89
1510 205 14
1510 1414 35
1510 2003 89
1394 426 28
1394 715 13
2424 703 77
2424 1261 2
2424 1347 100
2424 43 77
1049 2093 98
1049 1171 77
1049 906 38
1049 1392 14
1049 2196 67
2093 55 12
2093 960 56
2093 339 83
2093 63 71
2092 661 35
2092 1130 89
2044 1403 88
2044 1759 9
2044 2083 71
729 1630 89
729 415 65
729 1790 5
729 1468 16
1630 329 61
1630 506 70
1630 1298 5
1630 570 6
1407 1 58
1407 80 22
1407 254 94
1407 1108 18
1221 896 85
1221 1724 91
1221 89 52
1221 602 11
1230 571 5
1230 1352 81
1230 832 32
196 1517 67
196 2007 4
196 2086 84
196 2209 12
196 162 52
1517 1879 53
1517 1333 95
1517 925 39
1517 2265 18
149 1176 34
149 614 13
149 637 91
149 500 47
1176 247 61
1176 1449 26
1176 1554 66
718 1333 4
718 1268 46
718 134 61
718 790 78
1333 491 3
1333 85 100
1333 1322 80
1435 2142 43
1435 1267 9
1435 2072 41
1435 1051 64
2142 2263 94
2142 420 27
2142 1138 97
1118 2206 43
1118 2144 87
1118 333 43
1118 1479 9
1118 33 7
2206 127 48
2206 140 96
2206 770 46
1682 2019 70
1682 1191 75
1682 1460 67
1682 1063 89
1682 1162 29
2019 840 26
2019 683 69
2019 2492 36
1990 2135 80
1990 1197 97
1990 401 79
2135 349 66
2135 1679 17
2135 1043 63
376 1340 80
376 2180 72
376 1056 8
376 2214 17
1340 368 83
1340 2313 83
1340 129 93
1340 1502 27
295 2398 81
295 59 61
295 2096 22
295 1382 99
2398 1668 34
2398 1447 1
2398 1895 32
310 2063 49
310 60 97
310 143 50
310 99 2
2078 1331 55
2078 2326 69
2078 874 18
887 2458 54
887 291 99
887 1637 40
887 672 78
887 1405 65
2458 479 43
2458 1470 23
2458 2413 29
1100 1519 10
1100 692 29
1100 2478 67
1100 2085 69
1100 2263 72
1519 769 13
1519 1726 13
1519 2040 35
1519 1881 27
1513 1688 50
1513 2215 74
1513 555 92
1688 168 57
1688 948 94
1688 359 18
275 884 17
275 1834 83
275 2451 71
275 1698 41
884 171 61
884 2155 53
884 1825 13
55 615 78
55 113 59
55 1540 80
615 1214 65
328 1942 32
328 2190 12
328 151 18
328 45 93
328 2466 68
1942 10 91
1942 1987 32
574 1180 21
574 988 16
574 1047 89
574 1842 45
574 2317 69
1180 2030 90
1180 1751 30
740 1886 91
740 2426 16
740 1051 74
740 2161 91
740 1086 43
1886 317 58
1087 1701 23
1087 1762 84
1087 2107 5
1087 1127 86
1701 1017 99
1701 2242 8
1701 51 91
1701 318 69
696 1992 94
696 2491 1
621 1329 40
621 1679 72
621 2281 45
621 1403 62
306 318 5
306 317 67
306 2010 65
306 1062 13
318 631 98
485 586 40
485 1608 24
586 492 52
586 1222 36
586 1389 88
901 2307 14
901 2108 8
901 1540 72
625 2286 64
625 1916 65
625 1589 81
625 626 57
2286 1030 88
2286 1674 40
2286 1288 89
2286 311 93
2108 2140 100
2108 1462 44
2108 1363 18
2140 1193 75
2140 278 7
2140 1753 94
2140 46 6
1395 2204 79
1395 2322 55
1395 311 65
1395 329 100
2204 1770 10
2204 1338 36
2204 1466 49
2204 926 81
2085 2385 1
2085 2261 7
2085 344 75
2085 971 28
2385 1622 33
2385 1086 11
491 2471 48
491 2208 85
491 1387 66
491 124 52
2471 1063 38
2471 2031 70
2471 210 79
124 728 75
124 338 43
124 372 83
124 1607 95
728 1295 100
728 1000 1
728 2031 47
874 1497 23
874 1671 22
874 156 72
1259 2050 92
1259 658 37
1259 1254 76
1259 1921 66
2050 1027 27
2050 2298 62
2050 674 45
2050 1196 81
166 1893 93
166 2383 99
166 2352 3
166 1632 85
166 610 29
1893 219 95
1893 2274 58
1893 2099 47
1825 1578 78
1825 404 96
1338 1525 60
1338 1207 91
1338 1110 22
1525 764 100
1525 2091 39
1525 1533 72
1525 1939 86
1357 1984 75
1357 995 66
1357 986 82
1357 1051 87
1675 2379 55
1675 1815 39
1675 565 32
2379 1191 62
2379 1464 72
2379 2217 56
2379 2294 4
4 619 28
4 781 95
4 424 45
869 1757 69
869 2054 10
869 1304 60
869 1554 9
869 959 49
1757 980 14
1757 1502 47
1757 436 74
795 1542 65
1542 989 54
1542 1744 58
1542 1053 15
769 245 100
769 1666 83
769 421 100
1027 1488 60
1027 2075 7
1027 2010 99
349 2071 8
349 1804 88
349 1685 54
349 1997 80
661 2255 23
661 482 1
661 110 34
865 2402 84
865 253 59
865 1824 49
865 2417 76
865 1673 58
2402 717 93
2402 1562 15
2402 1164 88
1550 2239 30
1550 689 63
1550 2213 31
1550 118 26
1550 308 97
2239 499 7
2239 1655 92
2239 2254 86
2039 2403 41
2039 541 97
2039 478 83
2039 2102 48
2403 2493 56
2403 585 69
2403 1520 51
2403 963 27
390 1009 3
390 1250 94
390 1989 45
916 2303 17
916 1005 13
916 2073 39
916 1765 1
916 782 95
2303 2405 96
2303 1809 51
2303 206 14
2303 430 59
319 2084 3
319 2328 41
319 187 68
319 566 73
319 1489 10
2084 1192 98
2084 1095 7
2084 1302 60
2084 2489 4
793 957 39
793 2248 76
793 2226 89
793 1909 82
957 270 32
957 2423 63
233 1368 10
233 37 63
233 1960 12
233 1400 96
572 1897 26
572 199 73
572 425 97
572 2306 18
572 1859 66
1897 878 16
1897 519 44
1897 1297 58
847 2361 31
847 2350 39
847 1578 42
2361 1595 6
2361 1787 15
2361 80 81
1084 1779 88
1084 205 69
1084 2267 22
1084 1336 68
1084 242 85
1779 45 89
1779 341 43
1779 2266 86
1779 1685 76
680 681 94
232 745 51
232 1794 47
232 171 43
232 582 33
232 2134 33
745 1662 80
464 2071 80
464 2170 23
464 1910 16
2071 1194 24
2071 1451 35
1293 1364 92
1293 2237 58
1293 818 53
1364 1386 4
1364 1071 32
1364 529 58
1399 2056 77
1399 2086 51
1399 1140 89
1399 476 100
1399 1762 38
2056 1706 2
2056 1849 69
2056 1795 74
2056 198 77
2275 1307 90
2275 212 22
2275 2429 23
595 1736 35
595 1224 63
595 1556 75
595 2161 31
595 29 64
1736 583 50
1736 715 3
1736 85 46
1736 2073 19
1491 2288 36
1491 1443 61
1491 18 39
2288 1787 73
2288 406 31
2288 1837 33
1572 1947 6
1572 1422 37
1572 2030 7
1572 1603 60
1947 736 18
1947 1095 99
1947 1208 53
1947 1822 6
1608 1641 63
1608 2349 19
1641 1923 84
1641 315 14
1324 1160 55
1324 1726 74
1324 290 21
825 2198 13
825 1637 10
825 902 79
825 496 74
825 1419 86
2198 2411 14
2198 1386 4
2198 2333 59
2198 499 97
239 1808 18
239 2496 88
239 675 65
239 1335 39
239 1138 23
1808 1281 94
1808 2261 1
1808 753 16
241 1248 61
241 2405 69
241 2185 71
241 2312 9
170 2446 78
170 2169 94
170 2171 9
170 1790 88
288 1148 90
288 1392 19
288 1213 83
288 1751 81
288 567 42
1148 2436 87
1148 2308 50
1148 387 61
1148 1358 56
360 2227 94
360 1287 83
360 399 52
360 2064 7
2125 2173 36
2125 2478 80
2125 1347 11
2125 49 88
2173 1754 59
2173 567 71
2173 1902 38
763 1562 16
763 979 29
763 418 34
763 500 59
1562 1345 89
1562 189 69
583 1631 48
583 1140 63
1631 1353 5
1631 1298 43
1631 1004 10
99 952 47
99 877 73
99 435 51
400 463 50
400 1900 8
400 73 3
400 1092 66
463 846 70
463 1183 91
463 1979 12
2268 447 32
2268 445 44
2268 347 17
1715 2435 20
1715 1753 7
1715 42 25
1715 2172 43
813 1275 19
813 2474 32
813 1123 75
813 1975 11
813 1533 19
1275 1739 11
1275 683 32
1275 2489 93
1275 846 84
2086 2302 30
2086 1963 31
2086 1424 73
2302 908 33
2302 18 55
2302 819 49
2302 506 19
929 2389 54
929 2313 62
929 1687 83
929 2283 82
929 54 24
2389 1573 79
2389 194 65
551 768 65
551 1911 81
551 2412 56
1592 1915 54
1592 451 61
1592 395 9
1592 1204 40
1915 542 77
1915 640 61
1729 1076 11
1729 1869 13
1729 2154 36
1729 1523 100
252 834 27
252 692 63
252 1602 81
252 913 39
834 1582 54
834 1142 87
834 302 67
834 1922 98
792 2276 23
792 2214 69
792 2282 67
792 856 63
2276 1966 65
2276 370 17
2276 1185 68
1679 1776 56
1679 335 99
1679 1658 21
1776 162 19
1776 2295 41
1776 1323 87
1776 1913 80
43 896 66
43 1036 63
205 2452 42
205 2137 85
205 2342 43
2452 609 70
2452 1147 95
2452 2397 90
2452 775 87
380 1069 34
380 2358 24
386 1709 100
386 1786 79
386 243 69
386 482 96
1709 1523 77
1709 968 18
1709 1686 50
202 849 1
202 175 91
202 2013 33
202 337 49
936 313 38
1695 2430 86
1695 2243 8
1695 2401 21
1695 1716 31
1695 1244 63
2430 526 21
2430 157 100
885 404 79
885 408 21
885 2356 27
885 671 17
6 670 95
6 1415 11
6 2189 95
6 757 10
670 1144 90
670 1989 79
670 591 12
1735 1602 40
1735 642 100
1735 743 21
251 703 12
251 1932 67
703 1495 83
703 1461 56
703 1223 16
2285 835 48
2285 240 70
130 1281 42
130 1647 13
130 276 67
130 639 8
730 1640 46
730 766 61
730 713 34
730 617 90
730 1046 89
1640 479 53
1992 2373 39
1992 538 76
1992 2348 99
1992 607 100
419 1189 65
419 1492 99
419 1184 87
419 377 8
1189 1900 100
1189 1778 94
1189 2020 52
1189 2427 32
949 943 17
949 1672 62
949 554 77
949 967 73
410 1369 31
410 2484 93
410 1663 28
410 2249 97
1369 2040 4
1369 1249 65
1369 1464 12
1369 2374 41
1588 161 68
1588 721 60
237 660 12
237 1583 44
237 366 22
660 2027 92
660 1438 37
660 2473 64
1419 13 13
1419 772 18
1419 44 67
2493 1503 90
2493 776 94
2493 1881 74
1342 1555 37
1342 2355 44
1342 1784 38
1342 1181 21
1113 1233 61
1113 474 5
1113 1449 30
1113 658 90
1233 520 34
1233 2090 96
1233 235 13
473 1212 21
473 1273 89
473 712 21
473 178 59
853 1831 32
853 1098 98
853 2244 18
853 391 45
853 2160 100
1831 2320 13
1831 302 35
1831 2157 5
1831 2282 56
1983 2321 77
1983 458 55
1983 229 6
1983 1958 94
2321 1532 46
2321 2355 62
2321 1582 29
2321 1917 77
493 2217 8
493 1268 24
493 995 8
1095 1593 100
1095 2195 4
1095 2118 69
1593 347 45
1593 379 18
1028 2357 48
1028 128 44
1028 1158 65
2357 159 40
2357 1669 89
2357 478 17
2357 329 58
1372 2409 44
1372 38 74
1372 1607 61
102 1145 33
102 1120 60
102 2294 32
102 71 86
1145 868 60
1145 1173 60
1145 2358 94
1145 91 15
1373 2344 71
1373 1057 48
1373 1009 37
1373 1526 43
858 2491 99
858 2018 75
724 564 48
724 2281 61
724 1306 6
724 2141 19
1465 1577 9
1465 600 46
1465 2418 48
1465 2141 33
1577 1844 51
1577 1211 79
1577 562 10
1795 351 54
1795 2494 71
1795 1298 54
45 977 57
45 1439 31
1061 620 52
1061 337 5
1061 1531 90
1061 567 47
494 1615 54
494 365 89
494 2351 2
1887 524 93
1887 63 90
165 2106 63
165 289 37
165 1326 41
165 171 4
585 968 92
585 549 13
1731 1029 92
1731 358 48
1731 1681 91
287 1433 8
287 1477 68
287 1219 96
287 2255 8
287 1188 65
1433 747 60
1433 25 45
1433 1464 78
1197 1883 19
1197 742 65
1197 369 19
1883 1841 38
1883 173 87
1883 941 21
2409 2314 15
2409 1961 14
2409 1065 41
2409 1250 54
71 88 44
71 1556 84
71 862 36
71 1238 62
88 1687 30
88 1999 56
88 1198 67
2054 559 51
2054 2101 83
2054 2171 83
425 2306 54
425 600 6
425 1704 54
2306 928 16
2306 2163 58
2306 643 97
469 2083 17
469 972 19
469 962 3
469 2143 74
2083 1607 75
2083 2202 51
2083 1179 31
160 281 29
160 2445 50
160 773 95
160 1633 60
160 25 65
281 1665 98
281 1334 36
624 2371 41
624 305 88
624 1124 53
2371 1080 87
2371 1405 41
2371 2195 7
2237 678 48
2237 725 76
2237 1881 42
788 1018 33
788 1994 12
788 701 84
788 1443 42
1018 1287 66
1018 1807 52
1815 2053 47
1815 2101 76
1815 1500 20
2053 1749 60
2053 300 47
2053 1954 48
2053 1972 92
626 2188 12
626 1505 68
626 63 68
626 706 99
2188 447 33
2188 1692 65
2188 243 69
2188 382 57
409 2419 45
409 417 39
409 2082 69
409 293 89
409 1208 21
2419 565 20
2419 2473 24
2419 2482 82
283 802 38
283 716 52
283 542 49
283 770 25
283 1614 59
802 2298 77
802 134 50
802 2325 77
802 1469 95
1193 2006 91
1193 14 90
1193 969 95
1193 433 73
2006 1191 8
2006 905 51
2006 2190 94
650 1498 73
650 2087 15
650 2394 54
1498 2365 71
1498 641 82
1498 2191 47
18 1470 63
18 634 79
268 2335 11
268 96 97
268 1504 8
2335 2113 47
2335 996 84
2335 1163 2
388 1205 17
388 1581 94
388 317 36
388 573 46
388 495 31
1205 65 59
1205 444 74
30 1460 6
30 2137 23
30 1269 74
30 758 75
1460 918 26
1460 1921 72
1460 934 20
336 749 1
336 1852 74
336 697 31
749 1325 90
749 2002 65
580 651 90
580 1467 17
1196 1378 64
1196 1955 22
1196 2307 4
1378 471 72
1378 2328 53
1378 1328 90
1548 1052 72
1548 1944 34
1548 1154 90
436 1101 89
436 1225 97
436 2181 95
1101 42 23
1101 564 41
1101 1998 10
1101 161 81
337 2327 62
337 960 99
2327 1993 69
2327 293 94
2327 1492 44
1080 1059 5
1080 1678 41
1080 2041 6
1080 750 27
679 2027 13
679 1094 84
679 300 42
2027 979 28
2027 1057 60
1933 2058 73
1933 1879 57
1933 1069 70
2058 14 96
2058 1 77
2058 500 98
1860 177 40
1860 77 66
1860 1923 4
1860 768 96
1445 2469 27
1445 898 75
1445 1522 76
1445 471 90
1445 1708 74
2469 732 78
2469 638 86
868 339 38
868 1938 22
868 544 66
868 2345 59
2131 1206 26
2131 651 10
2131 2435 8
2131 2369 27
1188 240 25
1188 1522 6
1188 1504 81
1327 1430 59
1327 1072 79
1327 1540 77
1327 2133 86
1327 1437 51
1430 2033 61
1430 276 100
1017 2436 3
1017 941 72
1017 706 7
2436 1667 70
2436 1563 55
2436 1615 98
1390 1864 40
1390 353 45
1390 2052 98
29 346 13
29 1780 97
29 1467 8
29 1955 93
346 2112 29
346 113 48
622 1385 53
622 1280 93
622 1783 95
622 1222 81
622 1153 17
1385 2435 2
1385 1632 26
1385 2293 97
1385 1229 60
1365 2072 45
1365 632 13
1365 1099 91
1365 1571 77
1365 2344 33
2072 1909 32
2072 2037 84
2072 68 37
1165 413 26
1165 654 70
1165 1012 75
1165 1219 63
2243 1044 86
2243 311 91
2243 2378 14
506 2341 93
506 1733 50
506 701 67
2341 1918 73
2341 532 37
772 2497 64
772 2415 49
772 496 43
772 521 11
2497 1958 70
2497 1005 48
2497 676 34
2497 1163 87
100 2104 95
100 2118 70
100 1362 95
100 262 10
2104 1241 87
2104 95 85
2104 2339 71
382 999 42
382 2387 94
999 702 18
999 218 27
440 711 50
440 1119 27
440 51 11
440 2326 78
440 122 23
711 289 10
711 375 80
711 1516 66
711 770 99
470 2051 10
470 76 23
470 1752 70
470 2383 69
470 1434 10
2051 264 53
2051 1910 22
2051 366 10
2051 765 41
932 1763 10
932 37 62
932 1651 42
932 2330 23
924 1035 92
924 1778 17
226 873 10
226 1664 18
226 2343 43
226 776 6
873 1065 29
873 1267 65
873 1314 78
1016 2160 52
1016 599 54
1016 2163 74
1016 2270 21
1016 840 55
2160 632 76
2160 1172 17
979 2278 34
979 2156 51
979 1214 55
2278 2476 28
2278 41 91
664 1220 89
664 938 44
664 928 15
1220 1619 56
1220 333 61
2207 2479 36
2207 1629 44
2207 2474 98
2002 2376 31
2002 1713 65
2002 347 48
2002 2459 97
2376 93 72
2376 1837 42
2376 1539 41
2376 1710 64
1997 2187 78
1581 2456 73
1581 98 88
1581 1850 69
1581 2087 92
1422 475 63
1422 2176 85
1422 2331 38
1248 2439 63
1248 397 1
1248 1052 96
1248 497 62
2439 1841 41
2439 1167 77
2439 52 35
1993 1985 95
1993 2333 25
609 399 86
609 1300 41
609 17 80
1777 2449 68
1777 641 70
134 1930 85
134 1127 24
1930 1438 17
1930 2004 33
1930 426 67
1179 722 25
1179 1539 99
220 950 52
220 751 15
220 342 16
220 1699 45
950 1380 70
950 86 49
950 2453 9
377 1836 42
377 1988 23
377 741 40
377 1242 14
1836 1202 65
1836 1107 98
1836 974 91
307 545 31
307 1699 10
307 997 41
307 368 90
545 110 14
545 2215 14
545 1480 11
219 404 96
219 1653 28
2234 312 100
2234 2026 13
2234 1985 47
2234 195 75
42 247 2
42 172 94
247 1655 17
247 1827 88
247 907 11
1025 1720 95
1025 1346 19
1025 946 6
141 1421 60
141 1502 39
141 59 14
141 1312 97
1421 1663 27
1421 150 80
1421 65 57
1488 2397 91
1488 190 25
1488 1698 92
1488 2064 14
2397 1895 44
2397 601 60
2397 1532 66
1285 1580 20
1285 766 61
1285 1481 55
1285 2151 64
1580 1361 59
1580 1648 58
1580 613 83
1580 1747 41
1214 1865 93
1214 1478 5
1214 2123 10
1865 569 61
1865 289 94
1865 209 36
1678 1740 46
1678 832 16
1678 1636 85
1740 1485 48
1740 2048 60
1870 385 49
1870 1876 93
1870 91 20
632 1537 33
632 2331 97
632 2088 22
2484 1606 32
2484 2066 45
2484 835 60
2484 503 39
210 1672 43
210 1717 55
210 1578 38
1672 930 78
1672 537 30
1011 1169 64
1011 1708 77
1011 1142 67
1011 1071 80
1011 1988 65
1169 518 5
1169 934 78
1169 51 21
1169 987 47
699 1311 40
699 614 28
699 616 39
699 1824 100
699 2187 39
1311 501 81
1311 2209 19
1311 1056 97
1311 2294 16
831 1467 55
831 569 39
831 761 40
831 871 2
1467 25 41
953 941 80
953 1787 53
953 592 45
953 1398 68
872 1239 90
872 1177 83
872 1474 59
1239 2246 75
1239 172 33
1239 2394 73
53 260 56
53 616 87
53 1062 1
925 532 5
925 697 94
925 1442 66
871 1768 32
871 725 6
1768 2325 62
1768 77 24
1768 1382 90
1768 2344 15
1030 1532 29
1030 359 51
1030 1563 92
1532 1645 86
2350 818 92
2350 1468 37
2350 85 93
2350 175 64
754 1112 45
754 666 33
754 84 90
754 1094 27
57 1965 76
57 206 48
1965 2313 71
1965 997 45
1965 1760 75
79 1724 54
79 2029 11
79 1575 9
1724 686 49
1724 1127 35
1724 308 77
800 2009 4
800 1705 47
800 2189 64
800 2312 32
800 1353 24
2009 962 55
2009 1386 81
2009 171 85
421 1195 49
421 738 99
421 303 56
1195 379 36
1195 798 10
1195 1844 71
1195 1144 55
856 1537 15
856 1200 100
856 2115 33
1537 413 81
1537 231 14
1895 1155 95
1895 1888 65
1140 2463 88
1140 1999 4
1671 460 42
1671 985 76
1671 1451 79
1215 1591 30
1215 896 36
1591 330 37
1591 1936 61
1794 77 1
1794 495 17
1794 2343 85
1398 1712 79
1398 571 42
1712 1941 58
1712 958 71
87 918 99
87 2200 21
87 1981 46
87 2461 12
87 1462 46
918 2314 85
918 1201 41
107 1799 75
107 2417 83
107 798 89
107 837 29
107 1204 10
1799 190 32
1799 818 96
1799 1876 23
1812 148 72
1812 2176 37
1812 1264 64
1304 2427 83
1304 413 69
1304 2055 58
1304 1985 43
1313 2018 53
1313 2426 94
1313 90 21
1313 21 42
1313 1524 86
2018 121 63
2018 1964 43
2018 1337 35
2248 1958 58
2248 1309 89
2248 1375 25
2248 607 12
1090 1717 17
1090 893 57
1090 549 3
1090 1664 93
1717 286 62
1717 671 26
1717 2324 49
2411 1781 64
2411 2190 58
404 48 98
404 1770 37
1217 1492 74
1217 76 100
1217 2360 10
1217 524 40
1217 644 45
1492 1786 82
1492 1161 17
2328 496 76
2328 178 45
2328 2417 100
928 1389 83
928 1125 75
928 780 70
1389 1218 48
1389 457 4
969 1656 68
969 1985 79
969 995 37
1656 790 20
1656 1839 34
1787 2487 23
200 1330 25
200 223 31
200 125 80
200 549 30
1330 1005 63
1330 1069 64
1330 2123 90
65 1968 87
65 103 97
460 747 79
460 1648 83
1184 1207 33
1184 1624 23
1184 875 50
1207 40 20
1207 2318 54
1207 1177 18
844 1782 61
844 908 37
844 171 29
844 1543 12
1782 2281 15
1782 1657 1
1782 2191 80
1020 2267 75
1020 807 88
1020 1024 82
1020 898 28
1020 1167 2
2267 1796 39
266 1805 68
266 1105 19
266 1984 51
266 174 57
266 385 58
1805 1367 79
1805 1133 56
1805 2425 95
744 1014 60
744 2487 29
744 1616 39
744 1123 30
482 2103 92
482 849 73
482 1818 70
2103 1556 18
2103 1050 37
1739 1059 15
1739 1861 94
1453 2011 17
1453 309 93
1453 698 72
2011 418 49
2011 56 53
2011 90 51
2139 1584 72
2139 1872 78
2139 1861 81
406 2099 62
406 2211 17
643 1913 30
643 341 42
643 2037 1
1913 373 33
1913 994 34
1913 1931 75
187 1633 100
187 1665 23
187 2216 61
187 1091 83
1633 127 23
1633 1400 65
175 347 36
175 1379 64
347 2270 9
27 1415 96
27 1888 76
27 2076 29
27 1677 32
27 1614 46
1415 1218 59
1415 2175 52
1415 801 14
1336 2365 53
1336 964 11
1336 1110 78
1336 282 51
2365 2372 11
50 352 51
50 1938 79
50 571 12
50 675 28
352 119 73
352 1723 97
1392 817 59
1392 129 42
1392 1081 77
541 818 30
541 799 18
1273 2201 75
1273 567 72
1273 1926 13
2201 594 14
2201 752 71
2201 1265 42
25 1692 96
1692 329 66
1692 92 39
274 2396 57
274 1718 38
274 109 6
274 9 40
274 1924 92
2396 2005 51
2396 990 73
2396 291 35
2396 273 59
1979 1907 25
1979 96 45
828 1521 22
828 120 52
828 1937 96
1521 758 24
1521 597 18
1521 238 57
1241 397 4
1241 1326 37
1241 2345 4
1241 835 59
69 1654 7
69 789 9
1654 1624 27
1654 375 52
1654 254 94
894 1508 2
894 2041 68
1508 1707 93
1508 1043 67
1508 1400 81
1763 913 25
1763 10 42
1763 1299 23
1637 1484 47
1637 1012 64
1637 1335 19
2320 732 52
2320 1811 15
1953 2117 51
1953 2408 34
1953 364 54
1858 1418 77
1858 254 73
1858 218 45
1250 2274 25
1250 1471 65
1250 1323 1
2274 1409 47
1418 1769 28
2094 2141 76
2094 2021 14
2094 1187 23
2094 84 23
2094 1375 19
2141 2176 38
1565 2322 28
1565 1163 93
1565 1616 32
1565 1366 61
2322 2490 9
2322 93 57
1264 2330 9
1264 1199 78
2330 2488 70
2330 2033 18
2330 2210 42
665 1363 96
665 458 44
665 2407 19
665 214 88
732 1786 44
732 1040 28
732 1423 37
2417 1059 54
2417 1249 30
790 775 99
790 13 67
678 1186 29
678 851 44
678 1149 29
1186 2046 9
1186 1833 24
651 2191 85
651 1414 54
651 677 67
913 10 75
913 1705 25
1409 1667 15
1409 2406 59
1409 605 15
1162 1235 29
1162 331 19
1235 1294 10
1235 334 9
1235 524 91
968 38 72
2226 1769 48
2226 2478 38
2226 1911 51
218 2490 66
218 384 17
218 922 57
2490 2374 46
2446 2463 18
2446 1334 26
2488 1183 55
2488 262 32
2488 963 7
341 1561 25
690 1667 30
690 2163 8
690 340 11
690 322 60
1667 1486 25
1667 1181 57
807 1767 56
807 47 14
807 866 36
1424 2334 94
1424 568 21
723 1063 35
723 1925 15
723 1669 8
723 508 17
875 1605 88
875 497 24
875 693 92
1605 285 31
1605 1741 86
1605 203 69
761 2486 42
761 508 2
761 1912 80
761 475 1
2486 1383 35
2486 1849 63
2486 2481 49
2486 1911 58
243 1328 71
243 1477 74
1328 903 67
1328 1804 94
1328 1429 23
747 1950 38
747 816 64
1240 1474 19
1240 811 40
1240 605 63
1240 851 82
1474 1471 66
1474 508 16
1474 1384 12
1102 1998 63
1102 278 9
1102 2348 17
1998 959 34
1998 1192 36
742 558 45
742 2405 16
742 1524 5
742 407 46
2255 1183 37
2255 1344 65
2255 359 69
1502 197 26
96 518 57
96 230 38
121 854 99
121 174 3
121 757 68
2165 2168 42
2165 415 80
2165 236 7
2165 811 18
2168 1774 98
2168 1555 74
2168 1634 74
594 1961 93
594 1098 63
173 2029 4
173 1226 5
430 1312 66
430 579 7
430 1907 28
430 1119 43
1312 627 82
1312 1866 59
1520 1705 25
1520 2106 39
162 743 44
162 1761 23
162 812 51
743 1940 43
743 2492 55
743 1370 13
317 253 44
317 2124 4
1780 1071 15
1780 1859 60
1708 1307 28
1708 1655 5
113 329 72
113 610 12
2000 2222 92
2000 1522 62
2000 1758 5
2000 2308 4
2222 1287 23
2222 1622 37
2222 495 58
2222 1048 57
1544 1880 65
1544 123 70
1723 2399 96
1723 373 21
1723 504 90
1335 1539 83
1335 1206 21
1335 1283 53
1539 1022 88
1539 476 57
1187 1560 89
1187 1538 24
1187 1209 79
1560 62 71
1560 1500 21
2491 892 37
2491 1653 32
1076 64 34
1076 1329 3
1076 695 92
1076 564 46
1351 1668 14
1351 2407 37
1351 2399 32
1351 151 47
1351 1173 10
1668 1710 48
1668 1533 96
2088 125 14
2088 1202 41
2088 1471 17
280 2024 34
280 271 48
280 1269 79
280 2360 69
280 1449 47
2024 2270 30
2024 722 11
2024 2250 98
1606 1894 97
1606 1004 58
1606 1377 1
1606 1677 76
1894 259 25
1894 1918 78
1894 2033 58
1894 964 17
245 2457 28
245 766 47
1091 741 6
1091 1828 61
1555 2244 39
1555 832 80
1861 340 22
1861 2478 68
1124 1907 19
1124 399 34
1277 774 50
1277 1319 10
1277 839 88
1277 59 70
1194 2310 19
1194 1623 8
1194 948 67
1290 2304 17
1290 530 91
1290 351 24
2304 1952 93
2304 1905 87
2304 948 22
765 1170 32
765 1451 26
765 242 59
765 1719 23
1170 1331 69
1170 21 17
1170 1244 44
1170 705 1
422 2265 92
422 2107 95
422 1589 8
2265 2319 89
2265 106 61
2265 1531 9
1092 1686 1
1092 1353 98
1092 2098 2
1686 1665 11
1686 857 79
1686 2294 93
214 1417 39
214 259 19
214 571 94
214 692 2
1417 2175 77
1417 2181 1
1417 1957 2
125 2099 43
125 1902 66
125 105 38
2099 477 41
1830 118 54
1830 627 64
1830 1302 45
1830 2314 38
2298 2454 100
2298 1545 36
1171 605 90
1171 1940 6
118 771 26
118 1873 78
118 1402 1
2415 2426 97
2415 330 45
2415 335 27
2426 1512 29
2426 2030 45
178 1881 47
1881 2179 81
104 1932 54
104 851 57
104 1477 95
104 1274 97
1932 1439 2
1932 977 90
1932 2369 61
240 773 38
240 1125 2
240 2095 63
773 1386 62
773 372 17
773 2353 40
799 2228 64
799 2340 90
799 1810 1
2228 1059 3
2228 1862 94
1653 2292 54
1653 2052 85
520 534 23
520 1767 82
520 2070 62
520 1974 46
534 156 5
611 2113 71
611 1003 19
611 1610 39
611 896 56
2113 112 42
2113 1512 27
1556 860 54
652 1922 98
652 715 59
652 948 41
652 2422 67
1922 86 44
1922 2196 68
707 1029 55
707 1462 34
707 303 83
707 689 49
189 1716 89
189 2008 47
911 277 13
911 1295 60
911 33 52
911 2166 45
1482 1501 54
1482 1976 23
1482 716 86
1289 22 16
1289 2133 66
1289 1746 97
1289 2280 17
1599 2375 87
1599 2175 97
1599 197 82
1599 2134 58
1599 2270 99
2375 2251 40
2375 697 85
2375 2498 15
49 1070 31
49 1697 56
49 2372 48
49 2189 30
1070 636 85
1070 2498 22
1070 408 99
59 1758 19
59 986 63
1758 1590 24
1938 215 71
1938 2499 15
722 1055 82
722 922 72
722 2310 44
1055 7 34
1055 1158 44
1055 1368 20
1284 505 88
1284 1002 48
1229 2283 97
1229 1772 97
1229 1209 25
1229 1754 67
2283 2236 21
2283 1898 87
1613 2394 90
1613 500 84
1613 198 11
1613 148 22
1613 2250 30
2394 2052 87
2394 1972 53
2036 864 88
2036 1450 21
2036 840 49
1005 1425 98
1272 1872 78
1272 2127 89
1272 1526 78
1272 1818 5
1872 1359 85
1872 893 2
2388 2427 91
2388 1991 75
2388 2440 74
2427 448 13
1864 305 35
1864 286 30
1864 1636 10
2111 1822 89
835 2022 4
370 1130 18
1834 1989 38
1834 468 64
1834 1841 77
1989 204 42
1989 1674 24
1209 1937 74
1209 458 44
1937 2317 43
1937 2030 22
617 2062 46
617 628 55
617 1490 97
617 1133 14
2062 1115 12
2062 180 57
417 1479 43
417 592 23
417 418 2
1479 2029 71
1479 1093 19
1127 1769 23
1127 1072 56
2263 2487 39
2263 84 85
2263 616 84
459 771 89
459 36 86
459 15 17
1231 2453 68
1231 1353 1
973 2047 57
973 2347 48
973 1425 41
973 80 43
973 1379 12
2047 1242 39
2047 1081 69
2047 1859 25
2047 2307 57
2407 98 59
2407 13 10
1123 2425 49
1123 2413 63
946 2358 13
946 1315 51
946 638 98
946 369 67
2358 2378 3
2496 1645 79
2496 115 77
2496 384 82
2496 1047 73
686 1584 99
686 1575 74
686 1065 57
235 68 94
235 324 93
1871 2150 18
1871 1963 50
1871 550 42
1871 128 32
2150 1660 24
2150 1024 48
2150 693 24
972 923 11
972 976 10
972 1662 49
972 1033 57
2166 2383 38
1029 801 41
1029 945 58
1029 391 85
2021 987 12
2021 1317 90
2021 2451 15
2360 2451 1
2360 2211 18
1062 2425 33
1062 774 95
2425 154 29
2425 877 98
903 122 76
903 764 38
501 1600 76
501 38 15
501 1098 17
501 958 74
1764 1879 7
1764 1721 71
1764 2127 66
1764 36 97
1764 2461 81
1879 568 79
1879 1456 63
1059 908 30
1093 442 14
1523 1489 11
1674 1878 57
1674 230 91
1674 1144 92
1878 97 79
1878 1547 62
2445 970 51
2445 1358 9
177 2102 49
190 487 90
190 1522 87
190 2075 22
1470 1819 25
1470 1379 12
1819 504 79
1819 861 23
1819 47 90
1838 1986 40
1838 203 24
1838 1981 60
1838 544 27
1986 575 52
1986 2450 77
1986 780 97
1986 1243 44
693 2127 3
693 645 60
693 1745 26
2127 2212 91
2127 1036 39
1722 1774 62
1722 2273 68
1722 1916 2
1722 1228 79
1774 1009 31
1774 2259 21
476 1375 92
476 812 94
1375 2112 68
199 1552 92
199 751 9
199 963 87
351 1380 20
351 433 64
1380 316 1
1380 1181 29
1058 1730 48
1058 1481 13
1058 1582 18
1730 2180 11
1730 144 37
1730 449 59
1730 1771 92
194 1396 97
194 1629 32
194 2477 6
194 1228 66
1396 1173 3
1396 109 15
22 2210 78
22 1391 2
22 1866 55
2312 1928 55
2312 2045 66
1147 258 87
1147 2076 75
1147 2337 52
941 2498 23
2498 1161 54
2102 1105 78
2102 312 97
2102 1297 6
1052 805 93
1052 601 99
2118 279 33
2118 819 81
2029 1936 39
549 2095 13
549 713 83
2095 407 14
2095 1629 63
1468 2172 48
1468 1721 99
905 976 87
905 267 4
905 132 92
905 1547 41
976 374 18
976 2240 80
1721 582 27
1721 1910 78
1212 602 94
1212 766 70
1212 1749 38
881 1558 48
881 2152 83
881 1617 51
881 468 67
1558 1968 15
1558 1594 54
1558 2257 62
1558 1316 41
535 490 30
535 1910 31
1956 2075 26
1956 2351 12
1956 760 82
1956 1964 7
2075 1661 32
373 1236 3
373 371 80
373 760 90
1236 915 60
1236 168 44
1236 2260 16
2144 2098 21
2144 1227 7
89 2231 44
89 11 5
89 56 96
89 1198 85
2231 998 39
2231 2317 37
2231 2432 36
2272 530 69
2272 1908 28
2272 2187 98
758 751 11
758 1346 63
1928 1098 46
1928 157 8
1461 2483 69
1461 1980 13
1461 324 56
1461 2444 17
2483 263 36
2483 962 3
33 2107 23
33 1828 14
33 596 99
2107 1627 41
17 2353 65
17 503 22
17 1741 91
2476 550 70
2476 1261 97
2476 1647 55
1505 1506 19
1505 2454 68
1505 303 4
1506 2182 67
1506 1691 95
1506 2315 85
1506 2429 87
188 2395 95
188 2269 52
188 2185 94
188 1358 71
188 1844 78
2395 1677 17
771 2450 6
771 253 61
771 366 76
2450 2045 3
2450 1601 85
2450 1706 88
1426 2381 57
1426 1346 22
1426 1261 78
1426 1624 64
2381 2182 29
2381 1783 85
2381 112 99
2381 2287 37
523 658 6
523 1573 67
523 106 21
523 1645 92
523 217 89
658 1743 61
658 819 94
812 424 16
505 2064 45
505 2444 87
505 1733 44
2331 704 42
960 1529 98
960 1898 99
960 1081 90
681 692 5
681 1325 34
681 1995 87
692 886 17
1287 1074 3
1888 2175 70
1888 1387 7
1503 492 76
1503 2151 24
291 15 59
291 2254 53
291 987 23
282 1067 39
282 1315 31
282 947 98
282 47 18
1067 2192 42
1067 1698 45
1067 691 15
60 1957 75
60 1761 60
60 1642 17
60 487 88
1957 555 64
1957 2225 65
636 1600 99
636 521 94
736 428 80
736 333 51
530 1649 46
530 1400 43
1173 785 80
1173 1054 78
2317 1753 21
2317 308 9
1963 228 48
1963 1024 28
1963 1319 95
2487 1346 42
2487 889 52
8 841 44
8 638 78
8 1846 3
841 1160 4
841 947 5
841 2290 21
841 2217 67
599 2152 62
93 906 37
93 780 92
2449 1119 23
1471 1850 9
1471 1107 87
677 986 31
677 363 18
677 80 94
1439 153 92
1439 492 63
389 654 69
389 229 4
389 1007 42
654 1437 37
654 478 9
654 1610 24
2266 1707 1
2266 311 2
2266 260 85
1958 95 85
2356 1504 17
2356 676 37
2348 2155 9
666 1485 92
666 365 67
666 952 97
509 2412 27
509 127 6
509 2324 16
509 115 55
2412 1921 84
2412 1639 58
1984 2046 38
313 816 37
313 82 47
398 1268 10
398 2369 38
398 998 94
398 2333 36
1268 1762 62
1268 970 46
76 713 78
76 2238 33
76 2041 9
601 1075 53
601 1902 96
1075 1691 20
1075 2404 22
1075 391 93
619 863 66
619 701 36
619 277 48
619 2463 74
863 1352 75
863 1459 28
863 448 62
843 2005 51
843 2227 30
843 2209 95
843 2022 13
2005 1048 58
2005 671 32
1869 1132 30
1869 770 42
1869 512 1
333 2428 82
2428 1970 1
2428 556 42
2428 2447 6
1687 1405 50
1243 1602 75
1243 331 5
1243 655 81
1602 1226 14
1602 394 8
483 1325 64
483 2499 75
483 618 2
1325 1228 69
1325 1707 8
413 1266 22
413 2440 41
1266 2143 74
526 1143 36
526 1991 74
526 2215 30
1143 2213 21
1143 1601 39
1143 906 34
1307 555 46
1307 1689 52
1552 2478 63
1552 2454 76
1552 1974 34
1552 209 85
1079 766 33
1921 2052 94
2052 1167 35
1315 2242 92
1315 1951 59
2242 44 14
2242 448 66
2242 2211 41
628 1718 80
628 943 10
628 1976 10
1952 1045 21
1952 2180 62
2176 897 36
2176 1012 84
1916 553 48
1157 2314 16
1157 1108 45
1157 1863 77
1157 974 96
1331 2495 79
1331 1487 72
1331 204 49
62 1924 66
62 1320 13
1924 258 1
1924 115 81
2214 1610 75
2214 1026 88
2214 1255 33
2030 1617 38
474 2447 96
1050 1796 84
1050 2429 41
1050 1745 99
644 1003 70
644 1585 25
644 1086 27
1003 1026 3
1003 1383 19
1003 98 48
2435 2422 97
2435 1905 7
321 764 53
321 750 85
321 1898 42
321 861 76
321 1135 53
764 575 60
764 103 33
9 1926 38
9 641 50
9 2123 54
1926 1265 8
1926 265 11
1926 1534 53
618 1934 80
618 939 11
674 54 27
674 1462 90
674 2069 24
674 597 13
2354 2418 63
2354 1110 51
2354 48 89
2418 2076 58
2033 1332 18
2033 105 68
358 1950 14
1485 2479 80
1485 2413 57
1485 223 60
2313 904 64
1970 1765 84
1970 1265 83
1970 907 88
1178 1711 91
1178 2440 3
224 1368 41
224 236 3
224 862 66
537 1119 36
537 153 69
537 2383 46
537 1751 6
1119 1969 21
2041 860 12
259 2343 21
259 290 7
259 1002 93
1332 2434 82
1634 2334 86
1634 213 91
2334 1752 43
2334 1420 58
569 2010 64
569 2281 56
569 342 92
2010 381 47
2010 445 54
1925 854 43
1925 1153 19
1925 1012 40
1925 672 18
1125 600 34
1125 1939 54
1710 2329 5
1710 2273 90
2329 862 29
2329 1288 44
2145 2257 40
2145 555 8
2145 845 96
2145 2465 55
2257 2060 87
2257 820 92
2257 1806 11
70 73 72
70 143 70
70 1614 97
364 2251 53
364 970 57
364 261 42
2251 1733 25
2251 1972 11
2251 1876 57
1931 1228 81
1931 332 99
1931 1874 49
265 673 59
265 273 18
265 316 30
673 1249 74
673 1839 8
1500 212 91
75 1391 21
75 1363 20
75 1996 30
75 2101 77
2190 2301 96
2190 512 2
133 1951 91
133 2133 73
133 1571 84
133 939 52
1951 1160 79
1951 308 11
2057 1809 78
2057 986 82
2057 752 6
2057 1600 12
568 570 31
568 2337 17
981 1294 99
981 1041 68
981 2101 18
981 1975 36
1294 2492 94
1294 461 83
475 78 42
2007 971 46
2007 1677 93
2007 553 82
206 2429 70
206 327 60
2429 1320 47
2378 1658 11
1045 2220 59
1045 154 21
1191 2109 78
1191 1899 87
555 775 42
1226 357 7
1226 906 25
385 1384 53
385 1056 81
385 375 52
1384 702 2
1384 24 10
1384 1363 80
902 1164 61
902 355 61
902 1515 71
902 407 8
1615 2455 33
2455 36 7
2455 562 22
2455 2387 75
2455 915 62
2180 1377 48
315 1446 61
315 787 19
315 2079 59
1446 2271 16
1446 2065 57
904 1323 57
904 311 11
904 1054 9
1255 1775 50
1255 294 51
1255 575 94
1775 1704 20
1775 2337 14
1775 1824 50
938 2301 98
938 1543 64
642 774 13
642 1253 5
642 892 52
420 1749 57
420 1370 15
420 2232 20
420 316 35
515 1096 43
515 1428 16
515 1980 12
550 1434 83
550 1490 74
550 1909 13
1434 478 23
1434 1999 72
500 267 74
1663 1603 25
1663 14 65
381 1103 12
381 1237 50
381 1689 52
1103 1105 12
1103 607 69
1103 1349 90
1103 751 10
1844 1177 51
2307 261 94
2307 270 6
1098 1254 32
2305 1538 91
2305 1568 77
2305 230 99
2305 1746 26
2479 2456 19
2479 91 64
1573 2143 71
1573 1427 15
1573 1797 51
2292 613 68
2292 1824 25
2292 294 29
2292 1459 7
801 1904 42
801 2346 34
1232 1202 23
1232 1040 61
1232 2063 66
1842 28 11
1842 1742 31
285 1781 41
2096 1429 67
2096 2349 51
2096 2217 82
2096 1481 32
339 293 93
573 2454 98
573 1822 93
573 641 82
2454 1873 72
1964 415 77
1237 544 50
1237 1361 11
1056 2315 72
1056 128 59
2315 1427 64
2315 1138 82
1477 2308 11
1477 78 81
2308 893 80
2308 368 76
172 1769 25
172 2390 8
639 1334 84
639 2182 80
639 1718 37
704 1885 93
704 965 18
554 1515 91
554 51 27
1515 122 32
1515 817 49
1515 1006 13
1078 2195 55
1078 2060 10
1078 1778 3
2195 1767 62
2195 564 10
77 1225 97
47 142 7
47 1890 7
142 1198 41
142 1501 82
142 95 10
215 1941 3
1941 1728 50
1412 1438 70
1412 1684 83
1412 1141 62
1412 1818 58
1412 1047 16
1438 1002 71
1438 2137 16
1767 488 6
369 1361 23
369 1689 39
1361 891 43
1361 1584 64
1765 952 52
1765 395 27
2152 1478 98
2273 1041 54
2273 1334 50
1582 1164 9
1762 1323 68
1762 2060 32
1716 839 24
1716 1302 37
260 263 60
260 2064 5
263 2340 3
263 1781 67
1705 1804 28
1705 721 39
1164 1746 30
1164 203 68
1781 1806 12
1781 645 75
1806 879 54
1806 1697 51
1806 2432 62
980 73 95
980 1751 66
2137 1201 44
2137 952 89
1177 782 57
150 238 21
150 429 36
371 1589 17
371 1657 34
371 2495 77
962 1291 58
962 1149 57
198 860 46
198 2187 8
943 1742 71
943 1972 41
148 449 24
148 1154 21
449 397 68
449 2280 47
449 1203 35
994 1934 84
994 614 61
994 1203 93
1934 919 25
1934 1094 41
1367 2408 37
1367 1374 68
1367 2337 93
1367 1719 56
2408 2290 23
2408 683 32
353 1481 22
2082 2390 3
2082 1512 94
2390 1814 31
2390 359 17
2390 1991 5
814 2232 18
814 372 23
814 861 40
814 1054 17
814 833 34
2232 891 36
2232 2344 40
185 452 71
185 2169 4
185 387 34
185 1489 28
452 2193 61
452 1511 13
452 332 27
798 2143 24
798 1828 88
798 1010 58
2387 2098 28
839 429 25
839 2340 85
153 394 40
153 378 62
153 1583 53
1024 988 26
1024 1022 9
1306 2290 47
1306 2347 45
1306 1088 60
1306 2073 21
2290 2055 39
2290 2254 59
2189 1743 10
1009 80 10
1009 2177 80
997 2474 53
997 2012 92
997 481 6
2474 2193 92
854 1971 32
854 2192 21
854 1019 31
1299 2287 75
1299 805 63
1299 1590 43
1299 1218 39
2287 1944 29
2287 1347 50
602 898 43
602 1561 41
602 1752 51
898 1511 49
898 128 90
2413 877 25
1796 2046 23
1796 919 14
2046 394 34
1374 1704 35
1374 176 46
1374 1298 79
1383 1847 42
716 2437 18
716 2126 87
716 1481 98
2437 1624 6
2437 597 23
2437 1664 87
1094 1204 22
305 1041 30
305 1201 95
213 806 74
213 355 25
213 1097 59
213 820 100
806 1130 94
806 2465 1
1584 2175 71
860 1936 92
879 2352 79
879 1222 33
879 1636 46
1833 2291 68
1833 1490 54
1833 714 19
1833 1906 95
2291 1301 55
2291 607 27
2291 73 60
702 1254 74
702 1541 63
1814 1904 69
1814 293 10
1904 985 92
1904 1988 29
1904 785 27
2314 2372 26
2340 1583 44
277 1706 36
277 453 1
277 1366 88
1199 1545 40
1199 2392 70
1199 1899 8
1199 1265 59
640 1529 21
640 1344 12
640 627 67
640 1737 26
1529 816 62
1529 1420 92
2155 543 80
1041 13 18
264 1363 71
203 1649 82
203 426 45
1649 725 39
1649 1168 99
73 1699 97
267 1526 23
1526 1019 60
1036 2037 13
1036 889 88
1036 1026 76
2037 2212 10
1534 180 51
1534 103 1
1632 1151 61
1632 1594 40
1632 1308 46
777 1224 72
777 1227 13
777 488 60
777 2116 99
1224 2040 83
1224 1437 60
1224 90 89
1665 1486 98
112 1773 17
112 1203 50
112 1578 43
1773 86 72
1773 1223 61
1773 955 24
1773 562 56
294 1719 37
294 357 42
418 129 35
2254 1442 25
106 2079 76
106 1475 18
2079 1161 24
2079 384 95
805 1827 2
805 131 4
1450 2003 68
2003 331 24
2003 1680 37
1203 1345 68
1203 840 23
1345 985 99
1345 2453 48
1345 1225 48
1662 2294 27
2101 2463 87
1809 110 22
1809 1497 50
1522 2477 16
1022 120 12
1022 2172 21
1490 919 49
1490 683 72
1880 2326 24
1880 1314 5
1880 2282 20
1004 1397 28
144 519 68
144 2170 85
144 1466 75
144 457 29
519 2211 32
519 1202 37
1554 2319 46
1554 2466 63
2200 2353 68
2200 303 60
1832 2310 38
1832 1355 63
1832 2485 13
1397 1968 64
279 2262 53
279 397 69
279 2171 93
279 923 53
2262 2192 47
2262 1658 16
2262 1082 91
1629 1283 86
1629 1902 11
1043 1141 30
1317 1850 20
1317 1096 74
1317 383 55
1317 378 100
1850 2110 42
1850 2182 46
397 1033 17
1254 36 21
1329 752 14
1329 1991 64
1329 2421 87
1192 1344 53
1192 712 55
1192 727 54
1278 2124 46
1278 1295 49
1278 342 86
1278 2216 92
1278 1166 87
2124 1362 18
988 1585 59
988 2423 85
988 2477 72
1627 846 52
1627 1046 75
2227 2465 98
289 741 37
1568 445 9
1568 701 95
1568 1636 83
1057 591 11
1057 1504 25
453 590 56
453 2355 16
453 1301 48
590 426 20
590 1019 94
590 531 20
631 132 14
631 1326 83
631 776 93
631 2065 41
1097 2318 14
1097 111 79
1097 2117 57
1097 998 73
2318 760 27
2318 1852 80
579 1954 76
579 647 27
579 1144 26
579 2434 77
1386 38 95
1074 1281 83
1074 893 54
1074 808 76
1074 1429 94
119 1589 63
119 1459 81
119 1839 50
119 1280 43
1589 1308 31
2163 1905 80
2143 2236 62
1969 2238 24
1969 322 70
2060 1673 93
1742 2482 22
2217 717 15
2326 1912 11
2326 1300 100
1206 379 13
1206 971 72
497 2406 39
497 781 96
497 1213 70
110 1661 95
110 789 77
1661 15 28
302 2466 73
302 228 36
1031 2225 31
1031 1761 10
156 1484 84
156 1804 16
1484 201 51
1484 2106 44
1484 2112 36
542 833 64
542 1035 31
542 1697 66
1759 2157 93
1759 581 89
1759 2369 59
1759 2434 49
2157 1772 20
2157 2240 69
14 21 62
334 1601 75
399 1874 97
399 52 95
116 2472 43
116 1359 35
116 1242 56
116 2440 81
2472 1223 54
2472 340 1
2472 270 7
995 1845 83
995 591 8
1451 2162 38
1451 103 63
2162 217 81
2162 1337 70
2162 810 27
1000 1472 17
1000 504 85
1000 2223 81
2182 891 46
717 891 93
717 2153 44
891 970 10
808 2249 59
808 1566 8
565 159 3
565 1136 70
1718 2466 54
1718 1909 40
131 1144 93
131 851 71
131 1691 76
131 2112 84
120 486 43
120 1783 81
21 2477 47
2477 1859 45
849 433 42
2406 714 18
2406 1489 95
2406 316 64
1303 1680 8
1303 115 91
1303 2453 35
41 2311 17
41 1019 78
2311 1459 28
2311 965 13
2311 2244 59
2311 1198 82
620 327 73
355 965 92
1082 2170 26
1082 44 95
1082 2468 29
2170 236 64
2170 1551 32
127 2420 9
127 1507 12
394 1720 33
1876 1437 59
1876 2208 28
229 1495 85
229 2295 60
1619 331 32
1619 990 46
1538 2208 23
1538 575 53
1142 2223 92
1966 2459 55
1966 1681 61
1966 1960 67
2459 1391 72
2459 721 12
2459 1475 77
1035 1181 83
1035 2090 9
86 1849 80
223 922 100
223 2485 51
2022 2342 79
2022 1168 51
363 1907 86
363 1845 85
363 1960 87
1907 1797 56
1065 2179 22
1065 1677 22
2179 776 98
2179 1026 39
2179 637 55
84 952 49
374 1507 6
374 1068 66
374 1081 29
374 930 95
1507 2392 23
327 1007 47
477 1110 22
1110 176 67
725 1244 17
97 596 86
97 2377 39
97 1200 93
596 1885 24
596 444 47
596 2404 14
496 1745 36
2196 109 85
896 2480 9
662 1048 83
662 1960 76
662 713 13
1048 2301 31
63 985 96
985 2465 85
1617 2355 91
1617 111 92
1617 2087 63
2301 1141 19
37 803 26
37 2012 36
37 714 15
78 1381 2
78 559 6
78 919 39
1172 570 12
1704 433 4
1281 1366 18
1281 906 81
372 603 42
1347 2147 5
1347 2202 87
2147 1 3
2147 261 98
2147 1660 72
1349 2193 73
1349 1449 75
1349 2374 9
1349 1267 48
2193 2065 84
492 1996 78
492 1393 20
2261 338 40
2325 461 99
1265 752 97
479 1980 59
479 1377 87
458 1352 100
1352 1138 98
1352 2020 8
2117 811 81
2117 1676 57
543 46 86
543 691 53
1359 2399 24
1359 1253 83
1105 1501 23
1105 1676 96
638 195 53
478 1711 51
1711 1429 3
1711 2013 34
2492 1685 1
1760 1847 20
1760 1159 4
1760 2076 94
919 1575 62
1575 344 57
1575 2431 15
1996 309 33
2040 186 93
2040 1738 88
44 174 48
1994 2271 27
1994 1622 23
1994 2499 45
1149 1219 12
1149 454 73
1149 1440 90
1219 1644 85
1590 136 28
1368 2122 35
46 495 8
46 1955 32
46 428 78
2244 1753 91
2244 2480 36
228 2440 88
228 2473 73
971 122 95
231 1443 68
231 1810 85
231 712 36
698 2114 4
698 1918 55
698 322 84
698 1447 33
2114 489 15
2114 2401 74
2114 1081 82
1225 2008 35
2008 810 22
2008 424 50
24 857 8
24 2482 67
24 379 12
857 56 83
857 1242 8
1923 1044 12
1923 1053 92
741 1666 4
741 1698 90
1666 1651 6
878 1900 99
878 553 22
878 2373 74
1900 1684 53
998 1771 65
998 91 48
2347 109 13
2347 958 100
922 1099 69
7 1563 49
7 1684 14
7 721 67
168 2154 15
2154 556 53
1086 2236 84
2236 1112 12
2236 2203 55
85 2156 81
2156 1908 75
2156 1350 26
2211 368 66
524 2203 52
524 499 7
2203 1071 64
2203 51 94
2203 1440 98
111 344 71
111 1163 30
344 186 69
105 1160 20
1010 1163 84
1010 2249 3
1010 1393 34
1684 11 47
810 1323 50
810 1863 55
1623 996 4
1623 387 18
1846 1673 13
2401 1744 33
2401 278 32
2401 846 26
1790 1108 25
1790 174 73
1790 451 58
276 290 6
2405 1001 27
2405 1319 64
1841 1320 68
930 634 10
930 1890 58
1267 2260 29
1267 1685 79
2260 435 29
2260 1676 49
2260 712 73
1743 989 61
1743 1541 15
1743 424 57
637 581 60
637 1068 35
713 366 2
959 2494 64
959 503 93
2494 1531 77
2109 2121 98
2109 451 66
752 2345 9
368 2295 9
923 136 36
923 2061 30
923 1253 10
1971 2134 63
1971 1822 86
2202 2215 97
2202 2461 63
2202 907 4
161 290 90
1200 1681 27
1200 2212 20
1583 2353 21
1583 157 80
1238 2151 89
1238 689 44
1238 645 1
2151 2122 39
833 1873 37
140 603 70
140 1524 56
603 254 29
603 1551 50
1501 1975 27
1501 1253 85
1974 1112 4
1974 955 27
1974 15 8
1733 340 25
1733 1151 31
1136 2153 6
1136 1138 44
1136 1099 94
1136 1006 28
2153 461 28
2153 2208 91
286 1987 95
286 634 37
286 2031 34
2172 659 43
2352 2473 65
2352 2444 67
2352 448 11
375 1543 65
375 819 47
1543 996 14
270 610 79
1427 2342 91
1427 1719 90
1427 934 97
2342 1337 43
2342 1917 57
300 2123 20
556 2121 16
556 2270 32
1182 1464 34
1182 2185 11
1182 2220 56
1464 695 86
201 977 14
2355 2489 11
1713 2212 42
38 1358 15
2422 866 37
2422 1720 57
2422 1320 73
91 1208 23
1208 445 73
338 378 74
2191 2091 12
1642 95 84
1642 558 97
2499 1594 20
324 1917 46
324 1849 73
324 672 85
1917 907 10
1044 2420 84
1044 1428 86
1044 1135 79
518 671 29
2087 1354 29
1160 1694 24
1213 1828 95
1440 548 46
1440 1784 59
553 1595 24
1393 454 84
1393 1071 65
1393 803 25
174 1852 43
2210 2240 29
570 195 23
570 750 41
1218 2240 80
1218 1728 1
1362 1784 14
1784 2004 34
1784 1547 3
614 1223 84
2045 2181 97
2045 1478 44
2045 1291 23
2134 1414 77
2134 2382 29
663 753 93
663 738 45
663 2324 27
663 312 18
40 1595 5
40 1648 51
40 970 23
1595 2250 22
1595 705 11
655 1685 88
2209 2382 19
715 1944 55
1466 2070 86
774 558 39
1746 435 80
1837 1410 12
1837 1745 84
1837 1428 76
1622 605 63
1622 1975 46
1405 2404 69
52 908 83
52 1778 5
52 1068 95
908 770 69
1707 359 1
1707 1387 92
977 2220 88
977 1645 10
990 727 97
990 1571 47
489 1607 15
1202 1493 4
82 1955 70
82 2431 66
82 261 41
1681 1910 42
1918 2468 97
1918 1072 6
671 892 71
342 2481 62
342 1610 12
2481 781 41
1655 939 89
1981 689 9
1981 1902 21
1456 2115 31
1456 2293 77
1096 592 17
2223 2280 19
2223 1181 61
2382 135 50
2382 1811 74
1645 866 100
320 2004 40
320 2061 70
320 230 49
258 768 5
258 64 21
122 2366 88
882 974 13
882 2012 42
882 28 99
974 155 89
974 2489 93
1301 2126 28
2126 1896 69
2126 1811 14
1223 1475 100
1183 2069 98
1183 1551 14
1366 559 55
558 2447 99
48 1480 46
48 1728 91
278 527 38
1459 98 29
2269 1976 17
697 2249 100
697 1783 11
1201 2066 19
1201 2055 48
965 1168 40
965 180 42
2121 2377 68
2121 1859 86
1302 1559 86
1302 1337 9
1559 567 8
1151 1511 92
1151 597 58
1151 521 83
1511 457 31
2372 1475 37
1972 2377 72
2063 1428 45
1804 2480 52
309 2073 86
309 186 88
56 1738 17
1120 428 80
1120 2098 60
1120 2431 28
1954 1751 61
548 2133 28
548 1166 18
548 2026 100
548 1047 14
2133 429 62
1694 1720 75
1694 1269 85
659 2351 73
395 2012 6
395 290 56
197 738 45
197 1909 47
197 1783 78
1644 487 85
1644 1516 20
1354 1480 86
1354 675 40
2495 1261 88
1744 508 63
322 958 98
1610 1936 95
1664 616 58
212 675 22
447 845 20
447 273 46
845 1159 70
845 1155 32
845 782 42
1001 2185 32
1001 532 58
1001 15 8
987 444 68
1845 1 5
293 1381 78
1493 1158 28
963 967 54
963 2421 18
461 486 84
1047 1377 61
645 1866 12
529 1425 42
529 401 34
2310 2346 66
2310 1912 59
98 2116 26
1283 1300 35
1133 1807 13
1133 1274 71
1699 2339 20
1699 531 95
1112 429 68
384 2225 76
2225 1516 29
986 1976 62
2213 1497 36
2213 407 40
1414 2447 23
2447 2250 96
401 448 68
401 1772 99
2161 1300 30
1823 1749 29
1823 1601 61
1823 647 38
559 1297 79
559 1786 23
490 2066 67
490 1863 52
2489 468 65
1099 2293 73
1099 864 49
471 2420 40
435 1669 91
435 1741 80
378 948 86
1108 2421 33
1852 2457 5
1852 332 57
180 1603 65
180 2069 24
1603 2061 91
1603 566 82
1495 1827 60
1495 512 87
1314 2345 6
1314 383 61
1309 789 84
2485 1295 58
1810 1747 72
1810 2282 90
1810 1899 18
989 820 60
1391 1807 8
706 2468 96
706 1475 9
2373 1896 18
1874 1423 37
757 1849 83
1545 2070 64
1545 2374 95
2070 862 53
2070 1824 8
1531 1906 74
1531 1040 73
1906 2215 31
1906 613 16
1906 803 72
1185 1269 26
1185 1566 11
2091 1410 20
1651 1987 36
1676 1673 52
1999 481 20
486 1244 36
486 155 89
1244 383 77
1976 1054 16
151 1863 67
151 996 74
1249 1280 60
1249 2295 96
1280 2293 67
261 242 88
864 2048 14
864 1350 31
864 1726 6
2048 571 52
2048 457 74
727 889 11
727 90 26
1657 562 23
1425 481 54
54 1885 92
54 2061 88
1828 1512 78
1772 1155 59
429 1497 42
1381 538 99
1381 1797 9
2421 387 69
2076 2324 71
2324 955 1
159 1040 54
457 837 22
1980 154 25
155 1322 38
760 1469 3
600 889 21
600 1689 46
2208 2482 10
532 816 76
532 1007 68
1566 2069 48
1566 1420 69
330 2220 10
330 176 89
330 1153 7
157 1737 34
2337 1132 57
1639 2457 21
1885 775 84
613 2457 81
230 955 52
1403 367 26
1403 136 45
862 408 80
128 1697 90
1797 2055 63
2055 1600 74
2240 2451 64
2192 627 9
109 1132 80
1355 2366 27
1355 1669 82
1355 1135 51
1355 527 84
2366 683 30
1428 92 22
781 1680 2
2456 1847 95
1442 947 24
605 1006 43
1899 2420 90
366 1353 6
527 1944 25
527 1387 38
527 676 37
242 217 61
1985 2212 55
312 726 66
1478 1141 43
2333 2065 9
442 1660 91
442 647 38
1168 785 29
154 2177 52
776 945 12
468 531 4
564 1402 30
892 2246 57
2246 408 19
1749 451 81
750 705 77
691 1053 1
135 1033 79
1822 1046 71
132 2004 80
2066 817 60
2066 92 51
13 2431 41
1006 209 19
1006 2432 6
209 1155 3
837 2374 25
945 2069 4
945 1547 72
1648 2282 11
2064 2349 5
1155 531 57
262 2026 50
262 365 62
454 271 85
2353 92 12
1524 1896 67
926 136 43
926 1316 72
926 1291 57
926 1533 32
816 2112 92
2169 1950 51
886 2404 100
886 915 27
947 1227 11
1995 1594 40
1995 1379 73
1594 1002 73
367 1469 57
92 1614 74
1968 1489 65
2295 672 4
115 1159 98
2122 2061 16
2122 1698 87
1601 408 18
129 1737 2
129 238 51
1737 1811 37
1382 1600 97
1726 2434 63
1905 273 43
695 1423 85
695 934 64
695 1862 38
2271 866 15
2271 2434 91
217 1007 80
217 64 60
566 1939 98
566 143 19
597 1308 93
1007 1308 66
2453 1487 62
897 1019 27
1908 1154 82
1908 2345 86
204 1319 57
512 1211 98
1769 934 61
391 789 59
391 271 37
2249 1107 15
753 1326 84
753 1480 83
1211 1423 28
1211 1350 51
1211 726 12
1423 1358 61
803 1400 66
1898 1720 30
64 1410 99
64 2480 60
1410 1107 23
2187 2462 56
1754 1741 83
1754 2461 31
1896 1295 22
176 2177 93
1680 675 5
647 2346 1
647 68 70
238 488 38
1297 1088 76
2465 1204 33
1012 2073 93
1002 1033 18
1053 2423 79
2423 1298 86
2423 1308 5
1585 2420 6
1607 1877 58
907 2116 16
2116 1987 65
591 1291 78
1497 2238 9
444 186 50
2171 1533 36
2110 2013 12
273 2466 23
1877 195 43
1107 1322 19
1014 503 26
1014 2392 68
1738 1890 71
1738 1818 96
1747 726 74
136 1890 50
2115 820 80
2462 2013 5
28 1658 59
787 2259 47
787 2181 90
2259 1161 43
2259 407 93
1847 1429 32
1291 2404 7
1228 1447 34
1447 1811 46
1322 424 88
1551 1728 76
2004 1486 87
832 1166 38
68 503 54
1379 2344 70
1647 1154 97
738 1752 15
143 1504 87
332 10 82
332 1370 90
521 782 10
335 1486 32
335 1420 59
2013 2216 22
1486 811 3
1752 1862 70
1420 1115 19
1274 964 29
1274 1316 99
531 1153 87
90 1370 85
2431 1771 76
2065 1402 89
1166 1771 73
2480 1936 99
1288 1771 11
