2500 6250
1656 1880 3
1656 914 24
1656 2409 97
1656 395 16
1656 1520 25
1880 2395 83
1880 420 71
1880 433 73
1880 738 56
1115 1233 100
1115 1537 23
1115 206 94
1115 1653 29
1115 901 76
1233 619 18
1233 549 18
1233 1616 64
1233 1018 44
375 2426 2
375 1019 56
375 178 91
375 2060 5
375 209 58
2426 1214 71
2426 2252 84
2426 2445 20
2426 1936 54
1149 2049 35
1149 1081 44
1149 1042 65
1149 617 21
1149 2237 96
2049 1326 19
2049 1389 9
2049 2251 75
2049 755 40
199 2429 8
199 2105 16
199 1728 74
199 489 80
199 2080 96
2429 1220 26
2429 1486 55
2429 887 34
2429 2095 64
285 1449 59
285 1131 43
285 1336 27
285 412 68
285 2314 68
1449 1380 15
1449 1557 13
1449 204 37
1449 128 6
904 1952 39
904 2143 79
904 182 98
904 2483 83
904 976 1
1952 2287 63
1952 2231 41
1952 1316 37
1952 320 91
2117 2211 46
2117 1579 87
2117 127 98
2117 1694 77
2117 363 38
2211 1883 59
2211 340 59
2211 1312 26
2211 217 94
1019 1939 72
1019 1982 49
1019 1050 54
1019 980 46
1939 2051 11
1939 1893 36
1939 393 64
1939 1074 41
74 2434 10
74 1296 51
74 775 38
74 1199 59
74 877 23
2434 823 22
2434 1784 10
2434 245 76
2434 1323 100
1366 1754 12
1366 684 66
1366 752 54
1366 1400 26
1366 2005 95
1754 707 42
1754 1276 67
1754 1551 82
1754 1368 28
413 1900 69
413 2069 23
413 506 13
413 261 30
413 2323 28
1900 58 27
1900 1718 18
1900 2309 18
1900 809 65
366 1788 76
366 2384 18
366 2365 2
366 506 87
366 497 31
1788 820 97
1788 588 75
1788 416 39
1788 1758 26
1338 1655 100
1338 1264 18
1338 1699 67
1338 1996 96
1338 209 43
1655 2457 68
1655 181 96
1655 550 56
1655 1178 98
639 1654 31
639 2109 52
639 1871 83
639 1294 4
639 680 60
1654 1660 20
1654 2436 28
1654 1122 19
1654 1983 93
1236 1415 83
1236 322 73
1236 132 98
1236 335 11
1236 1079 37
1415 1861 54
1415 2265 27
1415 1006 92
1415 618 51
623 626 45
623 2372 72
623 883 63
623 1355 60
623 2388 60
626 613 6
626 1068 87
626 2057 81
626 2198 68
560 1775 84
560 144 73
560 1749 93
560 651 75
560 1988 51
1775 210 41
1775 252 93
1775 1251 37
1775 328 2
2383 2451 41
2383 1556 60
2383 1071 93
2383 1110 88
2383 1919 65
2451 539 81
2451 1558 42
2451 2388 98
2451 1329 73
2080 2450 16
2080 86 90
2080 1351 69
2080 2325 68
2450 1776 36
2450 2240 12
2450 1821 97
2450 1818 49
1486 1940 45
1486 1832 77
1486 1046 21
1486 1349 49
1940 1137 77
1940 997 66
1940 2331 40
1940 123 42
61 1798 78
61 940 78
61 244 66
61 558 48
61 358 72
1798 2088 62
1798 624 45
1798 350 82
1798 997 57
995 2376 79
995 1977 79
995 756 56
995 537 71
995 1853 74
2376 2245 96
2376 1134 8
2376 713 69
2376 530 52
63 1615 60
63 119 90
63 1100 19
63 1202 56
63 1195 78
1615 879 21
1615 1633 23
1615 1490 44
1615 671 41
582 1914 59
582 1658 99
582 1605 87
582 1365 82
582 619 20
1914 2153 3
1914 1794 51
1914 1769 88
1914 2238 83
547 910 15
547 1086 52
547 657 39
547 1858 76
547 2272 21
910 1135 31
910 561 47
910 1433 49
910 1041 63
1832 842 54
1832 229 4
1832 802 8
1832 2410 41
1307 2355 43
1307 1530 33
1307 2154 15
1307 1199 95
1307 2111 53
2355 1110 67
2355 1244 58
2355 2489 41
2355 2 17
500 569 5
500 945 93
500 212 17
500 2119 3
500 311 12
569 1066 55
569 856 71
569 901 66
569 421 94
469 1219 34
469 2323 6
469 335 21
469 660 87
469 1460 96
1219 1839 100
1219 2271 40
1219 2326 57
1219 1442 13
1595 2233 51
1595 2357 25
1595 517 5
1595 1697 40
1595 2176 79
2233 1901 87
2233 1639 60
2233 233 78
2233 1992 52
1213 1902 10
1213 322 73
1213 1757 53
1213 1533 55
1213 1779 32
1902 268 50
1902 471 73
1902 1055 93
1902 1921 57
683 690 39
683 539 51
683 1652 15
683 2185 63
683 1804 29
690 1977 40
690 477 8
690 2277 9
690 166 29
1003 2092 1
1003 2267 71
1003 865 79
1003 417 68
1003 362 59
2092 859 52
2092 1881 26
2092 551 44
2092 1737 19
1551 1897 83
1551 338 38
1551 1707 34
1551 456 16
1897 1984 39
1897 1281 36
1897 1128 68
1897 718 2
1372 1666 90
1372 544 49
1372 609 17
1372 1632 25
1372 695 68
1666 2330 85
1666 2411 26
1666 1918 7
1666 1702 56
790 1984 95
790 350 21
790 391 12
790 2238 82
790 703 85
1984 895 78
1984 1930 70
1984 1543 92
124 174 17
124 1388 2
124 807 14
124 1030 59
124 1903 87
174 619 1
174 1908 21
174 1086 3
174 71 53
122 1525 91
122 1417 58
122 1342 60
122 471 34
122 2172 75
1525 197 86
1525 2301 66
1525 147 4
1525 1912 86
278 1809 21
278 2329 29
278 545 58
278 2344 80
278 902 17
1809 372 71
1809 1593 22
1809 608 49
1809 1458 17
770 2271 10
770 437 95
770 2436 81
770 1152 88
770 1706 97
2271 1511 29
2271 657 93
2271 839 41
394 937 20
394 125 50
394 1791 93
394 2311 55
394 641 98
937 1130 5
937 1416 48
937 774 34
937 1147 7
1579 2299 59
1579 1806 34
1579 817 40
1579 702 19
1092 1733 19
1092 1506 3
1092 1847 1
1092 1318 25
1092 1044 11
1733 1467 50
1733 239 19
1733 1805 82
1733 2352 82
266 1691 18
266 2368 2
266 1299 91
266 511 53
266 2196 1
1691 712 69
1691 876 90
1691 1392 51
1691 871 25
1454 1856 37
1454 84 61
1454 442 94
1454 2407 73
1454 830 100
1856 290 60
1856 2193 25
1856 932 14
1856 1218 78
277 1291 29
277 1106 43
277 1955 17
277 1460 88
277 669 81
1291 140 97
1291 769 67
1291 1797 72
1291 719 5
1417 1765 60
1417 1616 95
1417 443 87
1417 1473 7
667 924 64
667 365 90
667 1611 96
667 2229 33
667 2471 17
924 152 78
924 2405 51
924 1839 56
924 1325 6
684 2325 16
684 908 78
684 865 19
684 1001 59
2325 2032 74
2325 229 94
2325 1445 21
352 1586 63
352 2498 22
352 2045 85
352 229 59
352 537 50
1586 920 77
1586 8 54
1586 2411 7
1586 1471 75
917 2267 85
917 884 64
917 1089 11
917 2304 60
917 2151 11
2267 794 17
2267 349 99
2267 97 100
1163 1505 98
1163 1981 100
1163 2396 14
1163 536 22
1163 2200 95
1505 430 38
1505 1941 20
1505 2346 44
1505 1853 33
385 945 41
385 438 64
385 508 63
385 442 99
385 1590 97
945 1660 11
945 368 44
945 1204 97
1756 1790 22
1756 2077 83
1756 1826 68
1756 1445 77
1756 1016 75
1790 1554 17
1790 1445 65
1790 721 89
1790 1075 90
565 1815 56
565 1196 55
565 2364 48
565 2157 28
565 402 89
1815 1193 7
1815 1513 58
1815 709 8
1815 899 54
1373 2025 8
1373 1364 38
1373 2378 79
1373 57 10
1373 1789 74
2025 1999 25
2025 464 50
2025 2333 83
2025 1585 30
293 309 51
293 700 74
293 545 61
293 2069 37
293 1055 17
309 343 99
309 1323 36
309 447 95
309 1140 67
306 2234 24
306 1994 58
306 1531 54
306 1463 19
306 387 48
2234 1082 98
2234 396 40
2234 1966 26
2234 2469 57
89 2007 84
89 1920 2
89 488 8
89 1029 69
89 697 98
2007 356 21
2007 993 15
2007 19 93
2007 846 52
689 1743 11
689 861 14
689 1340 27
689 289 30
689 728 14
1743 1330 60
1743 113 58
1743 1370 40
1743 820 31
1413 1508 45
1413 1444 28
1413 439 41
1413 1805 58
1413 2144 6
1508 641 95
1508 28 20
1508 1980 59
1508 1083 67
370 714 14
370 149 3
370 47 84
370 1220 60
370 1947 37
714 612 67
714 359 75
714 1336 28
714 767 11
1136 1910 96
1136 2140 84
1136 1097 91
1136 670 35
1136 114 61
1910 1107 65
1910 1314 53
1910 1471 10
1910 2135 55
625 940 16
625 1430 44
625 1851 78
625 1010 61
625 1522 93
940 342 29
940 2101 61
940 2156 35
1752 1913 21
1752 2145 1
1752 648 92
1752 1070 20
1752 2479 60
1913 539 36
1913 1177 37
1913 1782 58
1913 1042 63
890 1625 63
890 739 36
890 691 64
890 591 55
890 2199 60
1625 1277 63
1625 496 30
1625 1518 14
1625 2044 25
717 879 94
717 1124 45
717 147 46
717 24 71
717 1532 46
879 1170 25
879 932 4
879 730 60
2002 2438 29
2002 2420 71
2002 764 16
2002 460 74
2002 1120 29
2438 59 91
2438 1812 58
2438 584 61
2438 142 81
1554 2305 37
1554 1047 39
1554 64 60
1554 946 36
1425 1639 88
1425 1320 97
1425 2303 73
1425 1923 72
1425 862 89
1639 312 40
1639 1234 10
1639 1145 80
1287 1409 76
1287 2473 45
1287 2017 26
1287 1569 5
1287 160 81
1409 1737 36
1409 1727 35
1409 28 13
1409 2314 3
1144 1626 51
1144 1628 79
1144 1735 16
1144 1308 98
1144 214 95
1626 1212 96
1626 923 92
1626 1870 76
1626 2120 54
1137 2404 61
1137 456 2
1137 146 35
1137 789 4
2404 588 48
2404 2373 12
2404 1623 56
2404 302 9
297 478 6
297 1540 55
297 2408 67
297 2447 40
297 164 16
478 911 20
478 2130 45
478 274 3
478 868 85
808 1182 82
808 1416 63
808 1637 42
808 389 87
808 1753 94
1182 1901 34
1182 157 61
1182 1503 94
1182 448 81
33 368 84
33 799 85
33 283 15
33 1026 46
33 1141 28
368 1073 20
368 1688 33
368 438 31
745 2065 57
745 1481 54
745 1172 97
745 611 39
745 1379 11
2065 1361 41
2065 1819 39
2065 494 18
2065 1793 8
86 1197 86
86 1562 59
86 2366 12
86 1697 54
1197 1531 42
1197 1932 69
1197 2471 59
1197 121 90
2129 2371 22
2129 1846 16
2129 1767 75
2129 102 89
2129 136 73
2371 672 73
2371 27 41
2371 1466 78
2371 327 71
491 2414 30
491 990 5
491 732 29
491 41 89
491 233 60
2414 1967 38
2414 32 23
2414 1499 73
2414 43 33
425 2060 83
425 1516 78
425 2090 31
425 614 32
425 669 34
2060 2172 31
2060 2402 43
2060 1912 47
592 776 27
592 1169 17
592 1734 17
592 1494 12
592 200 88
776 645 19
776 590 14
776 1694 76
776 348 58
68 1493 35
68 2478 84
68 881 11
68 141 18
68 856 65
1493 390 24
1493 1300 23
1493 2491 28
1493 1860 64
541 1188 94
541 1559 19
541 1713 71
541 1142 42
541 2378 26
1188 687 89
1188 1228 96
1188 1107 52
1188 1777 88
1318 1819 51
1318 1247 97
1318 824 34
1318 1560 70
1819 833 86
1819 383 62
1819 2361 31
339 1498 90
339 2109 9
339 2040 30
339 320 82
339 46 70
1498 1592 65
1498 780 12
1498 97 78
1498 1583 11
289 1906 60
289 1709 59
289 384 87
289 990 42
1906 877 24
1906 1975 81
1906 3 38
1906 971 91
1670 1978 98
1670 815 33
1670 1105 16
1670 1580 91
1670 2483 50
1978 140 37
1978 2195 32
1978 2405 82
1978 978 2
216 381 91
216 1107 91
216 493 24
216 1738 16
216 613 54
381 1292 21
381 1990 48
381 1553 17
381 618 78
97 918 68
97 660 59
97 1141 68
918 317 89
918 775 88
918 2219 6
918 2193 74
3 502 40
3 971 61
3 1153 37
3 1989 2
502 1961 37
502 455 12
502 1376 54
502 2085 14
70 2249 88
70 742 96
70 1348 72
70 1462 24
70 155 54
2249 2239 84
2249 2469 56
2249 1772 43
2249 1059 1
224 1898 74
224 2421 2
224 2289 46
224 1965 23
224 931 48
1898 2241 29
1898 722 1
1898 1016 34
1898 250 69
163 1888 4
163 1890 4
163 414 68
163 1259 67
163 435 67
1888 2 73
1888 203 35
1888 2170 53
1888 971 81
894 1878 82
894 1382 8
894 1359 87
894 1026 29
894 465 51
1878 2476 86
1878 1153 86
1878 1243 93
1878 567 97
405 1421 73
405 340 39
405 2201 24
405 271 81
405 772 28
1421 1008 51
1421 527 52
1421 374 2
1421 554 60
1255 1591 27
1255 900 90
1255 1522 97
1255 2375 15
1255 276 92
1591 1861 85
1591 2380 55
1591 962 38
1591 1640 11
355 1600 23
355 1705 27
355 2176 60
355 976 9
355 791 24
1600 1055 10
1600 1885 43
1600 2061 29
1600 2039 25
616 1604 54
616 1119 49
616 127 9
616 1143 5
616 27 84
1604 2046 77
1604 400 28
1604 2042 37
1604 313 92
819 2229 18
819 1722 47
819 1745 34
819 100 21
819 286 33
2229 1935 20
2229 535 97
2229 1265 2
1548 2338 88
1548 98 24
1548 177 71
1548 595 77
1548 2295 58
2338 2283 7
2338 934 18
2338 962 86
2338 1828 89
1130 1596 12
1130 2411 91
1130 2283 97
1130 2265 45
1596 169 57
1596 1928 40
1596 2148 40
1596 1215 5
967 1309 33
967 2036 92
967 514 61
967 2403 86
967 486 58
1309 82 13
1309 1499 88
1309 485 19
1309 1724 19
175 1080 67
175 1341 10
175 1428 39
175 2103 96
175 806 71
1080 999 50
1080 2398 3
1080 840 7
1080 611 22
1246 1892 75
1246 2056 96
1246 619 19
1246 822 21
1246 2161 16
1892 2392 65
1892 1962 94
1892 2301 88
1892 317 14
900 2161 85
900 1235 27
900 1480 9
900 975 59
225 1840 39
225 1905 17
225 424 82
225 2378 49
225 1245 74
1840 2009 42
1840 1973 68
1840 1635 29
1840 1663 83
564 1306 74
564 738 27
564 2097 72
564 251 41
564 1238 67
1306 777 2
1306 486 56
1306 1006 67
1306 196 38
65 1622 66
65 858 84
65 429 21
65 219 25
65 2368 22
1622 1017 100
1622 1308 22
1622 1701 83
1622 875 81
1166 1374 68
1166 1382 97
1166 360 5
1166 907 46
1166 1458 12
1374 800 64
1374 2308 69
1374 1758 2
1374 1477 24
575 906 18
575 1614 4
575 688 62
575 630 92
575 116 45
906 1017 51
906 2131 12
906 781 45
906 1510 5
599 1263 90
599 1141 59
599 1937 100
599 867 67
599 1311 7
1263 1267 73
1263 140 52
1263 909 48
1263 177 39
777 373 42
777 2432 35
777 1017 31
777 1751 27
1675 2456 78
1675 1628 45
1675 1071 91
1675 1158 46
1675 987 63
2456 893 27
2456 576 83
2456 836 57
2456 693 61
264 1687 3
264 466 41
264 1179 26
264 2024 73
264 1157 56
1687 1663 51
1687 2248 74
1687 1871 78
1687 1008 84
1765 2349 77
1765 1942 92
1765 1807 69
1765 1797 24
2349 2047 14
2349 989 33
2349 2192 85
2349 249 52
1119 1191 80
1119 1783 21
1119 1045 3
1119 1648 58
1191 465 48
1191 2356 30
1191 2281 46
1191 2230 16
1322 1779 43
1322 14 65
1322 1076 1
1322 753 59
1322 198 39
1779 1659 22
1779 2098 89
1779 187 32
1244 2354 34
1244 49 62
1244 1052 30
1244 2061 33
2354 1218 71
2354 1431 39
2354 2041 74
2354 322 50
251 2135 35
251 2269 34
251 383 6
251 1643 82
2135 90 81
2135 480 65
2135 55 84
12 1624 5
12 183 61
12 2332 86
12 1651 42
12 2116 82
1624 611 75
1624 87 3
1624 2 55
1624 2481 40
153 1334 36
153 1126 92
153 2038 46
153 2084 70
153 1408 78
1334 1439 18
1334 10 36
1334 445 81
1334 162 68
244 927 50
244 2215 29
244 1786 4
244 1076 87
927 1352 42
927 269 41
927 1836 13
927 2318 58
113 2430 30
113 1664 37
113 676 13
113 411 34
2430 2223 61
2430 197 73
2430 1484 31
2430 189 55
173 2444 42
173 458 54
173 1923 77
173 822 12
173 1542 24
2444 1240 71
2444 2482 2
2444 2261 90
2444 159 8
727 1835 99
727 1469 90
727 2184 73
727 1921 62
727 1419 82
1835 968 2
1835 1259 39
1835 2498 5
1835 2433 64
9 1555 95
9 1053 99
9 1657 99
9 748 7
9 91 85
1555 190 80
1555 1290 10
1555 931 82
1555 457 94
821 1204 25
821 2378 21
821 40 61
821 864 33
821 549 20
1204 1378 86
1204 2165 20
1204 2104 51
779 978 36
779 1 46
779 2106 70
779 1114 2
779 1349 74
978 1056 13
978 221 46
978 1659 58
849 1680 13
849 1319 31
849 2478 9
849 121 35
849 1353 78
1680 2210 99
1680 125 24
1680 1805 46
1680 2420 79
197 998 82
197 1335 33
197 347 5
1506 2475 83
1506 528 89
1506 1088 35
1506 650 34
2475 210 47
2475 872 59
2475 2321 69
2475 1262 28
274 1745 9
274 1330 64
274 1400 76
274 2189 3
1745 620 58
1745 1532 25
1745 725 59
1086 365 67
1086 1394 7
1086 1208 74
270 283 44
270 542 92
270 524 85
270 836 47
270 1284 87
283 973 73
283 1769 30
283 1688 29
1393 1780 47
1393 272 84
1393 566 16
1393 671 22
1393 1634 59
1780 591 77
1780 1151 15
1780 471 9
1780 524 97
1452 2360 28
1452 447 33
1452 2178 58
1452 2191 23
1452 1753 41
2360 1665 91
2360 1099 76
2360 2030 15
2360 202 66
1989 2070 88
1989 641 52
1989 957 82
1989 1022 87
2070 1280 20
2070 853 16
2070 2364 61
2070 751 61
1133 1331 37
1133 573 48
1133 2213 22
1133 2285 67
1133 558 33
1331 1471 43
1331 756 74
1331 1669 36
1331 1065 31
2097 2283 30
2097 238 5
2097 1337 71
2097 2055 15
2283 1070 27
2283 1946 96
1665 1282 77
1665 1816 34
1665 719 93
1665 57 62
1107 1694 45
1107 182 51
1164 1849 68
1164 2218 45
1164 1192 67
1164 1081 16
1164 996 9
1849 498 66
1849 807 27
1849 874 66
1849 2407 29
553 1924 36
553 1376 70
553 878 69
553 2094 5
553 1333 58
1924 1705 79
1924 1519 18
1924 984 77
1924 2374 30
635 2488 62
635 1611 30
635 419 71
635 1041 31
635 1459 44
2488 2294 73
2488 1964 23
2488 198 65
2488 1933 16
1251 2491 15
1251 455 2
1251 2218 98
1251 1778 69
2491 1111 47
2491 1678 28
2491 514 18
655 1154 60
655 2332 48
655 1100 25
655 2197 96
655 949 23
1154 176 75
1154 1282 51
1154 418 80
1154 23 42
1209 2494 25
1209 656 70
1209 551 63
1209 1531 71
1209 336 100
2494 1776 72
2494 69 59
2494 905 59
2494 1848 89
1667 1911 54
1667 1198 45
1667 845 87
1667 1260 43
1667 1918 6
1911 2320 50
1911 2441 1
1911 987 25
1911 2278 37
612 2275 77
612 1517 92
612 1187 44
612 949 16
2275 255 95
2275 1991 57
2275 1559 34
2275 1953 21
307 2393 38
307 1395 32
307 1865 25
307 1552 42
307 2235 90
2393 259 10
2393 1049 90
2393 1709 91
2393 36 77
1298 1785 77
1298 2279 65
1298 2435 27
1298 1699 58
1298 1185 46
1785 1463 50
1785 1436 42
1785 172 90
1785 2282 12
893 1736 49
893 1827 16
893 1628 83
893 1433 90
1736 902 47
1736 233 100
1736 1343 7
1736 947 5
2269 390 80
2269 1657 36
2269 884 95
2269 489 55
700 1341 65
700 589 13
700 2411 81
700 2291 9
1341 1915 44
1341 190 39
1341 1566 92
791 1688 64
791 213 76
791 443 18
791 2202 47
1688 1103 59
1688 58 87
1580 1619 33
1580 781 87
1580 607 53
1580 1696 50
1619 1732 82
1619 922 6
1619 2345 50
1619 1320 66
248 1705 84
248 1375 69
248 2061 67
248 1933 40
248 532 24
1705 2487 100
1705 1065 99
1737 998 23
1737 1988 91
1737 1012 51
636 767 20
636 1875 19
636 597 73
636 2471 58
636 204 63
767 1772 17
767 2351 95
767 936 17
474 705 37
474 320 85
474 1871 90
474 1605 94
474 1418 10
705 1704 6
705 481 7
705 521 57
705 1 40
1845 2304 85
1845 1683 100
1845 468 93
1845 1950 73
1845 432 82
2304 120 84
2304 1212 58
2304 712 30
107 948 29
107 325 70
107 1603 56
107 919 91
107 1333 96
948 1422 36
948 1030 61
948 1390 2
948 447 68
895 2455 69
895 2067 70
895 1927 8
895 2151 54
2455 1643 44
2455 2165 6
2455 2457 11
2455 243 63
1273 1324 52
1273 822 15
1273 1131 31
1273 1299 25
1273 1588 38
1324 2296 9
1324 2113 49
1324 1314 10
1324 1475 23
1070 1224 39
1070 408 65
1070 1259 18
1224 1578 60
1224 1771 67
1224 2188 70
1224 1232 2
302 369 3
302 485 37
302 1876 100
302 335 25
369 2116 13
369 2419 12
369 432 78
369 188 66
2116 665 27
2116 300 76
2116 111 84
90 715 9
90 2286 70
90 24 21
90 2385 5
715 600 62
715 1582 47
715 2134 39
715 2263 8
259 1167 75
259 1672 90
259 1889 2
259 2335 35
1167 2198 13
1167 2259 54
1167 555 38
1167 1121 30
1763 1861 42
1763 1620 28
1763 2328 21
1763 860 85
1763 912 84
1861 848 93
1861 99 1
389 2445 16
389 25 79
389 1024 79
389 1731 35
2445 754 91
2445 814 41
2445 135 26
319 1477 5
319 788 89
319 1682 23
319 2421 2
319 750 77
1477 396 26
1477 1397 80
1477 336 57
1256 2030 58
1256 1977 88
1256 263 94
1256 524 85
1256 2244 25
2030 519 32
2030 1335 82
2030 2190 23
532 538 81
532 75 54
532 171 21
532 731 27
538 2183 65
538 1269 78
538 271 46
538 2222 52
540 2348 52
540 561 93
540 913 39
540 1379 33
540 1746 11
2348 806 59
2348 151 29
2348 441 4
2348 652 90
46 1059 21
46 2482 46
46 1491 74
46 2095 65
1059 2004 95
1059 1632 17
1059 1451 4
920 1822 97
920 2356 88
920 812 59
920 2358 55
1200 2394 30
1200 1760 100
1200 505 52
1200 585 51
1200 223 81
2394 954 61
2394 882 98
2394 659 49
2394 647 52
744 1360 88
744 781 43
744 1699 76
744 17 36
744 1303 25
1360 451 80
1360 364 54
1360 2171 71
1360 1504 46
1697 2446 81
1697 1907 53
1697 1891 73
2446 505 62
2446 373 27
2446 1907 7
2446 2346 1
707 1707 59
707 2203 9
707 170 97
707 85 71
1707 505 41
1707 988 29
1707 1589 45
1078 2145 32
1078 2334 30
1078 1760 33
1078 256 21
1078 2057 36
2145 1969 53
2145 1102 6
2145 1645 48
820 1355 51
820 673 51
820 1121 76
1355 1685 46
1355 1128 18
1355 1917 72
419 782 4
419 1024 84
419 2114 63
419 610 43
782 38 19
782 2353 32
782 1741 12
782 1485 39
1301 1399 52
1301 827 52
1301 615 18
1301 1661 91
1301 2457 45
1399 161 74
1399 1018 77
1399 1891 85
1399 1453 64
298 721 55
298 2198 75
298 2321 11
298 1773 49
298 1262 51
721 1690 97
721 1023 78
721 148 100
833 2056 39
833 1627 99
833 529 83
833 159 31
1558 2489 41
1558 1168 14
1558 1833 92
1558 826 82
2489 1036 50
2489 903 19
2489 156 8
1057 2207 29
1057 2248 43
1057 377 77
1057 1732 47
1057 1800 75
2207 2008 99
2207 201 79
2207 2247 4
2207 1013 81
372 2104 61
372 1303 97
372 2100 3
372 1464 28
2104 518 99
2104 1584 39
2104 1063 26
365 1761 46
365 795 94
365 1028 51
2148 2439 18
2148 2374 81
2148 631 72
2148 648 35
2439 2010 67
2439 1663 80
2439 1963 22
2439 1339 93
11 1603 37
11 2014 84
11 645 65
11 702 7
11 2343 38
1603 964 12
1603 688 29
1603 1176 21
1289 2220 79
1289 1501 63
1289 2298 62
1289 947 75
1289 615 49
2220 645 77
2220 184 28
2220 2305 18
2220 682 11
322 584 48
322 1141 19
962 1825 81
962 1292 26
962 2018 89
1825 886 73
1825 2370 37
1825 1058 98
1825 1806 89
728 1658 48
728 908 91
728 2319 74
728 1491 67
1658 198 98
1658 1473 6
1658 1932 48
143 739 26
143 2119 8
143 388 16
143 1436 42
143 1611 79
739 453 7
739 2453 23
739 902 83
268 349 58
268 1827 91
268 1742 68
268 750 42
190 2477 83
190 578 47
190 799 19
2477 1966 58
2477 1671 30
2477 1663 38
2477 747 20
2395 1865 63
2395 1041 75
2395 1378 84
2395 2236 36
393 887 33
393 1481 21
393 433 35
393 1657 74
887 111 52
887 1572 37
887 519 66
191 1426 41
191 1028 70
191 810 93
191 878 6
191 154 6
1426 1145 83
1426 760 63
1426 1570 69
1426 242 11
1024 1813 90
1024 1740 69
1024 1217 32
1108 2000 13
1108 290 77
1108 350 52
1108 735 88
1108 702 97
2000 855 23
2000 2329 72
2000 2320 36
2000 454 79
929 1769 37
929 2026 12
929 312 98
929 1357 12
929 2324 42
1769 1607 2
1769 668 94
1292 1592 7
1292 1398 73
1292 2315 61
1592 2183 48
1592 605 55
1592 1560 59
1944 2272 16
1944 2297 55
1944 1139 22
1944 2152 40
1944 830 28
2272 754 57
2272 218 69
2272 2322 89
60 1091 59
60 519 28
60 2297 65
60 490 83
60 250 74
1091 2259 69
1091 991 39
1091 296 40
1091 1295 80
505 1683 6
505 489 11
1961 1000 56
1961 650 32
1961 245 61
1961 1408 81
2150 2377 35
2150 1575 78
2150 1747 59
2150 1090 92
2150 1947 34
2377 594 84
2377 750 63
2377 1598 59
2377 2339 94
1193 2365 22
1193 2270 32
1193 566 47
1193 778 61
4 1950 13
4 2043 61
4 2366 54
4 1431 45
4 2144 15
1950 182 56
1950 649 85
1950 1440 5
657 1721 98
657 2277 50
657 2459 93
903 1487 3
903 258 9
903 1036 45
903 1698 78
1487 1842 89
1487 139 20
1487 2072 21
1487 2190 61
5 108 11
5 526 99
5 646 92
5 2050 60
5 531 99
108 965 56
108 954 8
108 92 64
108 595 15
2372 1822 83
2372 926 63
2372 1974 93
2372 2068 50
951 1420 59
951 788 55
951 1079 49
951 106 75
951 1722 16
1420 1704 90
1420 784 96
1420 2307 76
1420 463 83
672 773 59
672 360 65
672 624 69
672 1226 70
773 1131 7
773 2356 98
773 1347 3
773 729 55
142 1776 44
142 1327 30
142 446 60
142 2278 69
1776 1649 51
1776 363 6
1916 2331 19
1916 1210 16
1916 1221 97
1916 1651 11
1916 2141 1
2331 2158 93
2331 2447 68
2331 1715 56
185 2146 70
185 2255 76
185 645 38
185 496 79
185 361 67
2146 2022 63
2146 1695 54
2146 1729 40
2146 429 48
207 1905 93
207 2402 65
207 1588 51
207 1208 65
207 2216 10
1905 247 10
1905 2417 100
1905 536 14
2482 47 25
2482 2236 10
2482 177 5
1899 2098 15
1899 2282 64
1899 1954 40
1899 1466 60
1899 1047 62
2098 844 82
2098 382 77
2098 1370 27
1755 1824 91
1755 2483 12
1755 1069 88
1755 2050 1
1755 138 12
1824 529 69
1824 417 62
1824 2373 81
1824 2386 77
1770 2398 57
1770 490 46
1770 1701 78
1770 247 97
1770 2139 98
2398 1408 83
2398 1820 73
2398 2202 20
2301 1285 100
2301 633 66
2301 1523 59
129 157 22
129 869 51
129 989 56
129 1395 97
129 1652 72
157 751 20
157 1150 94
157 710 5
485 960 72
485 421 15
485 1830 26
960 2124 74
960 1818 53
960 1998 71
960 2466 61
466 1542 37
466 838 50
466 1143 62
466 2240 30
799 253 68
799 1451 37
799 1947 96
678 1503 59
678 1997 11
678 126 77
678 712 41
678 1563 22
1503 679 77
1503 2008 97
1503 1634 81
1305 1601 94
1305 1395 17
1305 452 84
1305 208 47
1305 2039 4
1601 58 63
1601 627 93
1601 1272 80
1601 358 30
811 2032 20
811 666 27
811 1922 33
811 2247 68
811 1494 6
2032 75 42
2032 1350 56
2032 126 23
1723 2299 70
1723 404 73
1723 1242 73
1723 1456 80
1723 1278 94
2299 169 63
2299 1148 21
2299 652 3
1010 2363 43
1010 654 61
1010 1362 76
1010 798 25
2363 105 77
2363 1317 51
2363 2308 70
2363 1561 65
1302 2242 6
1302 462 4
1302 20 73
1302 1072 92
1302 1438 57
2242 203 46
2242 2413 44
2242 2174 37
2242 1510 6
593 2196 12
593 428 84
593 1313 61
593 406 13
593 397 51
2196 1650 39
2196 473 85
2196 13 12
436 2212 65
436 973 93
436 783 34
436 1560 30
436 2248 1
2212 1075 87
2212 1476 7
2212 974 78
2212 364 28
2001 2364 51
2001 2225 49
2001 695 57
2001 1203 32
2001 823 95
2364 2260 49
2364 2250 4
1283 1855 5
1283 2134 86
1283 1241 27
1283 992 11
1283 1783 84
1855 2171 72
1855 2035 31
1855 637 94
1855 1127 14
942 1562 66
942 1106 69
942 358 21
942 1699 71
942 433 7
1562 343 84
1562 367 43
1562 447 94
2487 1181 59
2487 258 57
2487 101 59
2487 470 8
1543 1671 15
1543 1379 53
1543 1234 14
1543 2461 10
1671 1418 91
1671 1265 91
1671 608 26
555 1796 90
555 2155 7
555 1270 77
555 828 48
1796 410 98
1796 138 53
1796 1641 15
1796 581 81
343 1760 92
343 1064 19
343 577 42
1994 1678 68
1994 1364 46
1994 344 65
1994 1500 81
853 2392 17
853 909 67
853 644 52
853 802 79
2392 1103 4
2392 461 74
2392 1865 12
1660 223 9
1660 668 68
1660 528 17
353 1288 26
353 17 96
353 722 23
353 1319 86
353 2051 58
1288 832 80
1288 1025 38
1288 837 13
1288 642 42
2192 2238 28
2192 2260 36
2192 1099 60
2192 1410 21
2238 1203 61
2238 1589 50
883 535 27
883 594 98
883 2334 20
883 1229 5
1075 1087 2
1075 1437 10
1075 1870 76
2402 2339 70
2402 897 34
2402 693 37
1072 2143 56
1072 1774 36
1072 896 38
1072 1181 46
2143 579 78
2143 1254 14
2143 72 47
210 421 60
210 602 51
210 2006 30
421 2324 90
421 1787 29
1187 1864 92
1187 2103 98
1187 398 20
1187 95 32
1864 768 23
1864 743 79
1864 758 11
1864 923 71
357 1114 74
357 1494 90
357 608 25
357 1903 94
357 1821 24
1114 303 100
1114 2337 8
1114 1012 5
331 1879 35
331 330 92
331 954 14
331 2108 44
331 2055 61
1879 1549 77
1879 1574 20
1879 2464 22
1879 220 42
680 1804 54
680 1170 29
680 2449 55
680 2425 13
1804 164 9
1804 1860 17
1804 202 14
31 1358 22
31 445 69
31 2110 72
31 2286 10
31 1589 2
1358 1277 81
1358 1529 80
1358 1117 96
1358 2052 16
301 990 43
301 1104 74
301 909 63
301 953 21
301 949 10
990 2121 51
990 1859 87
509 1922 33
509 2353 22
509 2047 12
509 2265 19
509 116 47
1922 757 5
1922 798 15
1922 1113 88
459 2330 36
459 2149 52
459 282 11
459 1330 85
459 1803 49
2330 1951 28
2330 382 63
2330 2391 79
1873 2313 72
1873 676 9
1873 2040 85
1873 807 93
1873 311 9
2313 1569 90
2313 499 38
2313 1536 89
2313 473 58
1440 2431 93
1440 397 10
1440 1009 29
1440 1533 37
2431 2026 5
2431 1423 11
2431 2130 55
2431 1564 11
1258 2454 75
1258 1067 87
1258 2262 87
1258 1764 16
1258 1175 17
2454 2276 98
2454 1744 79
2454 1936 59
2454 1875 10
437 2435 84
437 1229 46
437 1822 73
437 2484 11
1408 1607 92
1408 950 2
559 1635 86
559 1942 66
559 1746 25
559 2409 87
559 1719 69
1635 1629 65
1635 1466 64
1635 2198 49
670 2405 80
670 898 54
670 1739 41
670 537 38
2405 1184 94
2405 272 33
2010 877 36
2010 1336 59
2010 1602 31
2010 1947 78
1977 2359 65
1977 463 21
205 356 99
205 587 58
205 1560 2
205 803 13
205 2294 15
356 2085 17
356 729 24
356 1474 53
1143 1807 83
1143 1212 1
1143 2120 20
1807 145 63
1807 1412 73
1807 2055 24
645 1065 80
2016 2375 2
2016 1969 83
2016 103 70
2016 351 99
2016 2182 43
2375 1948 93
2375 1444 40
2375 1854 16
226 829 15
226 1034 5
226 552 68
226 1893 15
226 1464 25
829 1225 74
829 899 73
829 1575 88
829 1385 69
737 1533 51
737 2302 56
737 1876 7
737 550 67
737 382 44
1533 1653 68
1533 1808 40
1628 136 19
1628 141 17
488 2226 84
488 874 82
488 398 19
488 1821 71
2226 1457 66
2226 504 89
2226 2182 7
2226 284 10
82 2344 6
82 950 46
82 1438 81
82 2108 100
166 1946 31
166 1895 71
166 2290 7
166 2465 66
1946 1557 85
1946 52 42
1946 800 43
594 666 5
594 2224 95
594 675 44
666 1668 13
666 1632 27
666 2133 44
1046 2224 18
1046 479 63
1046 2468 27
1046 682 77
2224 1124 59
2224 2480 84
2224 55 67
1326 1974 75
1326 785 80
1326 2316 25
1326 1370 3
692 2406 75
692 987 90
692 1479 66
692 376 4
692 295 5
2406 2093 91
2406 818 24
2406 1453 21
2406 2258 59
445 781 96
445 2244 76
445 2118 16
1113 2170 65
1113 2453 12
1113 1202 90
1113 1566 65
2170 2361 88
2170 1530 65
2170 18 66
290 1608 40
290 2459 78
290 1315 54
1608 2004 41
1608 1934 24
1608 456 27
1608 2139 67
23 2018 62
23 685 78
23 2039 8
23 1093 15
2018 1576 50
2018 403 66
2018 139 71
2334 1037 3
2334 750 53
2334 2340 66
1531 891 54
1531 1930 80
1172 1703 63
1172 2052 63
1172 1142 22
1172 1833 63
1703 1252 5
1703 2072 22
1703 840 41
1703 2106 37
1485 2163 78
1485 1285 42
1485 2195 99
1485 2437 40
2163 1711 38
2163 803 34
2163 250 78
2163 1544 26
282 2134 68
282 323 66
282 648 70
282 1352 53
2134 1090 93
2134 1184 6
324 1084 12
324 886 84
324 1128 37
324 2359 59
324 1216 21
1084 2452 82
1084 1222 62
1084 2449 85
1084 1101 36
908 1391 28
908 981 14
908 138 46
497 1241 1
497 458 83
497 134 16
497 1996 57
1241 1103 52
1241 989 5
1241 380 45
1890 1215 5
1890 27 61
1890 1927 72
1890 1482 27
448 1793 58
448 1937 69
448 1886 87
448 256 72
1793 839 46
1793 376 94
1793 1814 64
1829 2094 99
1829 1858 9
1829 1887 53
1829 1741 82
1829 1800 96
2094 1904 95
2094 800 58
2094 730 58
404 768 42
404 1930 75
404 1432 33
404 2052 30
1176 1943 60
1176 111 24
1176 2337 29
1176 2460 19
1943 1056 47
1943 2162 79
1943 1195 54
1943 1912 85
395 1903 63
395 303 83
395 941 45
395 1242 62
1903 1049 49
1903 1122 79
252 1329 20
252 1614 5
252 1001 34
252 1088 42
1329 1337 70
1329 1111 99
1329 2419 3
1319 1590 50
1319 719 78
1319 1285 25
26 1511 27
26 1252 64
26 1109 98
26 2415 25
26 1222 2
1511 642 73
1511 2465 98
1511 611 18
633 2189 83
633 442 98
633 1875 9
633 988 76
2189 151 29
2189 468 72
2189 1718 6
840 1472 57
840 148 73
840 132 5
1472 1896 63
1472 2006 89
1472 2307 57
1472 1627 32
1535 1768 63
1535 1499 53
1535 988 38
1535 1215 75
1535 2314 49
1768 1778 81
1768 140 34
1768 743 14
1768 242 45
96 1203 22
96 763 9
96 2256 70
96 1064 89
96 1013 40
1203 1664 77
1203 134 77
1746 2217 93
1746 2316 90
1746 2437 18
2217 2111 41
2217 1261 98
2217 725 15
2217 1479 77
1226 2181 26
1226 871 79
1226 1478 7
1226 994 59
2181 2067 12
2181 520 13
2181 1813 45
2181 1034 10
412 1439 73
412 669 73
412 1462 72
412 1448 6
1439 279 43
1439 1257 72
1439 1339 84
1523 1650 65
1523 1584 35
1523 637 72
1523 1237 58
1650 2191 13
1650 2468 92
1650 2082 43
2435 41 28
2435 2442 32
2435 131 93
41 326 38
41 2290 54
41 1476 83
991 1789 88
991 440 55
991 1026 78
991 648 77
1789 1316 25
1789 511 41
1789 2082 20
915 1013 71
915 1310 23
915 54 71
915 55 31
915 1536 98
1013 1540 51
1013 835 55
526 2005 38
526 718 54
526 2183 2
526 257 22
2033 2166 24
2033 1418 18
2033 1909 65
2033 834 26
2033 1953 21
2166 1129 100
2166 2415 45
2166 674 83
2166 164 29
213 677 16
213 1618 37
213 1894 58
213 121 62
677 101 17
677 2458 31
677 188 73
677 2250 28
1457 2235 1
1457 1171 86
1457 1275 17
1457 1491 38
2235 117 69
2235 1773 61
2235 711 59
1304 1727 80
1304 686 80
1304 1617 14
1304 203 25
1304 36 93
1727 2237 10
1727 1412 52
1727 2085 40
528 608 72
528 536 48
528 2449 27
586 922 35
586 1657 85
586 1386 56
586 774 68
586 1249 58
922 2178 32
922 814 18
922 531 82
237 805 11
237 1588 100
237 336 76
237 514 81
237 1109 35
805 1009 14
805 632 59
805 2380 77
805 1145 83
2323 1700 38
2323 1180 55
2323 52 95
1169 1539 79
1169 847 49
1169 1110 39
1169 377 79
1539 1529 69
1539 1146 54
1539 2492 95
1539 1276 68
570 685 89
570 364 50
570 450 21
570 521 53
570 179 52
685 1811 55
685 974 3
685 2452 23
1106 326 94
1106 966 75
1106 1100 18
2436 2340 50
2436 2023 91
2436 1708 30
1254 1731 63
1254 231 91
1254 387 58
1254 1257 44
1731 1527 100
1731 2273 5
1731 614 1
1303 1889 54
1303 628 33
1303 944 29
1889 1384 24
1889 2161 42
1889 1231 16
1499 909 40
1499 755 10
2042 2457 47
2042 2162 57
2042 483 68
2042 2412 44
2457 116 90
1058 1792 79
1058 953 11
1058 1269 69
1058 386 92
1792 740 99
1792 2084 36
1792 1365 29
1792 2448 89
1211 2071 91
1211 1567 66
1211 725 47
1211 814 13
1211 2428 61
2071 1694 30
2071 1810 67
2071 401 7
2071 933 31
75 1196 4
75 1990 28
75 2300 76
1857 2411 82
1857 1564 27
1857 723 25
1857 867 57
1857 1299 2
30 303 31
30 624 76
30 1927 51
30 605 37
30 1104 78
303 653 95
303 1527 8
983 1389 54
983 265 46
983 2168 66
983 461 25
983 2336 59
1389 2182 34
1389 679 71
1389 1004 28
84 280 93
84 135 67
84 986 2
84 1587 20
280 2081 80
280 2087 80
280 1160 67
280 1153 99
1612 2351 27
1612 43 90
1612 1668 7
1612 2293 54
1612 1362 88
2351 2076 28
2351 2290 58
2351 694 42
1512 2413 27
1512 1139 21
1512 663 36
1512 1638 98
1512 1549 19
2413 348 100
2413 1742 30
2413 2164 33
246 867 34
246 858 65
246 223 52
246 1797 72
246 802 27
867 617 76
867 647 79
1818 2190 41
1818 2308 79
1818 620 34
2190 824 88
2190 1403 95
59 148 71
59 889 76
59 1762 96
59 602 29
1320 2314 24
1320 2425 31
1320 1918 3
2232 2473 93
2232 1179 57
2232 862 89
2232 870 88
2232 179 22
2473 110 65
2473 100 68
2473 939 47
1537 1948 60
1537 1648 71
1537 444 92
1537 2250 32
1948 2441 21
1948 2159 41
1948 891 71
2110 525 22
2110 2247 47
2110 1631 82
2110 458 29
397 2433 68
397 1264 14
397 544 37
2433 2308 57
2433 342 32
2433 1741 5
473 994 54
473 543 49
473 410 7
994 2128 60
994 2260 22
994 2257 4
679 1099 71
679 2327 39
679 1423 75
1099 1931 92
1099 1565 52
1214 1982 93
1214 939 48
1214 1521 49
1214 1516 52
221 1453 37
221 2369 26
221 548 48
221 1165 60
1453 1997 80
1453 963 2
515 1405 94
515 1956 12
515 2253 7
515 1808 35
515 1056 21
1405 1065 41
1405 710 85
1405 1927 94
1405 1299 73
669 1054 81
669 1269 27
1054 134 65
1054 964 85
1054 1448 66
1054 376 92
619 71 6
150 1923 6
150 1105 24
150 288 54
150 701 80
150 2064 46
1923 1677 49
1923 105 55
396 1161 44
396 206 84
396 403 85
1161 1268 59
1161 851 5
1161 698 40
1161 1461 99
1444 916 56
1444 222 28
1444 1286 2
45 1348 57
45 1773 74
45 2303 32
45 1996 78
45 2486 78
1348 1051 12
1348 1178 88
1348 566 8
44 1877 62
44 1448 76
44 2186 28
44 2112 49
44 250 47
1877 1513 32
1877 2221 82
1877 2152 36
1877 1274 11
1527 223 54
1527 1259 39
1527 1038 87
1429 2391 3
1429 1369 68
1429 566 81
1429 1194 40
1429 1455 47
2391 831 64
2391 1170 81
2391 384 83
1030 2093 57
1030 1120 48
1030 2485 9
2093 18 78
2093 1267 67
2093 673 28
1102 1215 74
1102 713 98
1102 1347 18
1102 2147 84
1215 1105 94
92 1581 19
92 1538 63
92 2028 94
92 2253 12
1581 576 89
1581 57 15
1581 2285 60
1581 424 89
768 1518 8
768 653 77
768 2420 76
255 1050 54
255 1404 73
255 837 87
255 2073 73
1050 77 71
1050 740 15
1050 167 46
1375 2276 70
1375 135 35
1375 788 49
1375 1422 38
2276 1344 6
2276 2179 14
2276 423 14
1497 1744 55
1497 2043 38
1497 231 69
1497 1760 100
1497 627 48
1744 220 14
1744 1035 2
1744 1919 35
1956 2258 78
1956 1748 55
1956 1962 62
1956 2034 43
2258 1048 31
2258 1243 82
2258 1757 5
863 2101 86
863 158 9
863 735 63
863 444 92
863 748 9
2101 1028 90
2101 1387 94
2101 43 37
794 1014 92
794 1504 48
794 2017 33
794 1843 32
620 882 13
620 112 4
620 100 4
882 2201 95
882 2447 33
882 603 38
665 383 96
665 2219 89
665 2076 86
665 1891 30
1210 1295 16
1210 1216 41
1210 1040 47
1210 2121 1
654 1698 27
654 1692 92
654 2231 5
654 1336 99
1698 184 66
1698 938 94
1698 1369 21
414 1614 10
414 1350 49
414 1522 5
414 523 99
875 2340 75
875 2289 61
875 1904 70
875 2293 28
2340 1112 46
2340 1038 8
2122 2183 28
2122 2222 75
2122 1225 74
2122 1296 52
2122 743 59
2183 1261 6
2153 2149 14
2153 69 52
2153 959 47
2153 1847 92
169 1817 63
169 305 74
169 1461 89
1941 2256 38
1941 752 77
1941 1445 52
1941 1684 11
2256 2038 70
2256 507 71
2256 816 13
341 1359 100
341 1479 79
341 1623 95
341 189 91
341 160 83
1359 869 42
1359 572 90
1359 1064 63
740 839 95
740 1293 48
740 314 94
839 2343 52
839 1045 98
475 2113 89
475 179 40
475 851 33
475 1196 10
475 2037 61
2113 1239 24
2113 388 28
2113 1006 52
763 1991 92
763 2043 1
763 979 67
763 21 5
1991 568 39
1991 211 21
1991 686 83
529 2302 78
529 48 65
529 273 25
1520 1970 31
1520 1456 6
1520 220 9
1520 2172 7
1970 1022 12
1970 348 68
1970 504 69
1970 1063 40
234 2401 65
234 850 90
234 1047 89
234 907 55
234 1004 44
2401 2068 1
2401 1787 40
2401 1134 48
2401 888 6
831 919 48
831 2084 68
831 1954 33
831 186 29
1459 1465 3
1459 1524 73
1459 1386 91
1459 2020 32
1465 549 69
1465 2240 21
1465 1648 32
1465 1199 61
588 1162 22
588 2257 78
588 813 15
135 1717 73
135 1969 50
13 1126 88
13 384 68
13 1028 27
13 1993 76
1126 1853 41
1126 1918 60
1126 859 60
567 2466 94
567 965 3
567 1813 44
567 1695 56
2466 338 27
2466 1630 69
2466 2478 72
267 2470 7
267 120 64
267 1738 37
267 2173 20
267 876 70
2470 137 50
2470 25 26
2470 1096 18
2470 1088 53
187 1134 78
187 641 85
187 132 10
187 2263 26
1134 1403 78
1134 406 88
390 1340 80
390 2079 68
390 359 16
434 1011 35
434 711 17
434 490 39
434 850 61
434 2075 45
1011 1774 2
1011 571 55
1011 1442 98
1011 2463 85
21 1367 23
21 2416 10
21 1468 19
21 1442 96
1367 1482 12
1367 2387 31
1367 1690 87
1367 2310 30
38 1468 100
38 2374 49
38 2127 20
38 1566 35
1865 507 23
1865 1394 15
2353 825 50
2353 139 99
2353 1216 37
483 1132 79
483 634 71
483 2305 89
483 2259 19
1132 2432 5
1132 975 5
1132 1613 81
1132 2458 71
1436 2218 53
1436 1969 4
1436 1349 44
2218 2311 33
2218 1618 23
1904 1231 68
1904 2058 49
1904 1800 20
1376 793 42
1376 1893 82
1376 2062 16
2051 1147 97
2051 1995 24
2051 177 11
145 1029 51
145 2496 23
145 622 29
145 732 52
1029 607 5
1029 1234 77
1029 1576 31
1584 1463 45
1584 772 95
1584 2086 31
186 801 15
186 294 95
186 2410 31
186 2216 94
801 1953 67
801 1932 38
801 797 77
801 1672 31
152 708 50
152 912 49
152 1947 91
152 1797 55
1481 2118 97
1481 120 27
1481 208 17
417 1609 27
417 958 84
417 2103 93
1609 2378 67
1609 2236 45
1609 1964 96
1609 1368 67
1055 1823 27
1055 977 70
1337 2481 68
1337 100 53
1337 1713 54
2481 2316 12
2481 1762 33
2481 247 43
1549 725 5
1549 2382 75
1549 1478 58
778 1965 9
778 299 51
778 232 59
778 101 47
1965 321 20
1965 392 85
1965 1544 38
535 783 90
535 1570 13
535 1321 25
783 383 39
783 992 96
783 1002 49
827 2123 3
827 2423 3
827 2329 57
827 756 17
2123 1118 29
2123 423 94
2123 1250 10
2123 1646 94
1448 1566 61
1448 1138 16
313 855 38
313 1708 61
313 1441 53
313 2106 94
855 1082 80
855 1623 28
855 1617 7
2162 996 67
2162 982 99
2162 262 90
1314 1423 71
1314 846 36
1314 935 100
1423 2077 84
1423 2396 74
856 1777 18
856 1037 28
856 431 48
1777 1613 54
1777 1986 93
1777 428 74
318 2138 3
318 53 18
318 1060 11
318 2274 21
318 314 66
2138 2285 40
2138 40 72
2138 1858 14
2138 136 39
2026 2385 43
2026 1186 85
2026 1027 40
806 1138 39
806 1386 44
806 2054 97
1138 344 83
1138 1514 3
1138 1148 31
1778 426 37
1778 1018 79
1778 1278 12
1310 2015 8
1310 460 92
1310 2194 62
1310 1509 67
1190 1249 18
1190 698 42
1190 1293 10
1190 85 81
1190 1582 68
1249 1962 75
1249 14 28
1249 2089 97
335 522 75
335 2214 23
2128 1179 77
2128 943 45
2128 1265 78
2128 363 9
1931 2186 1
1931 1642 65
1931 1173 52
1931 55 49
2186 188 50
2186 444 34
2186 415 18
179 1915 42
179 1388 36
1915 2265 79
1915 589 70
1915 1696 52
110 1290 48
110 979 33
110 1437 47
110 1042 95
1290 1247 17
1290 1488 37
1290 1587 89
168 1002 15
168 1545 41
168 708 71
168 463 5
168 2241 34
1002 1294 71
1002 1266 95
1002 1365 65
632 1860 82
632 675 10
632 6 17
632 1945 96
1860 1286 65
1860 2468 47
1223 1547 35
1223 944 9
1223 109 55
1223 1142 13
1223 557 97
1547 345 75
1547 2281 14
1547 2177 46
1547 2206 84
507 1534 24
507 103 20
507 2261 16
56 1929 17
56 2320 87
56 1869 7
56 870 14
56 310 96
1929 50 23
1929 1053 9
1929 755 15
1929 1631 11
2174 2294 54
2174 1412 16
2174 765 48
2174 1189 23
2294 2342 6
2294 1365 36
1391 2164 68
1391 2209 86
1391 1901 58
1391 2156 88
160 1528 43
160 2157 2
160 1470 15
1528 2306 2
1528 1611 43
1528 18 94
1528 2142 55
1061 2424 13
1061 479 28
1061 2147 26
1061 843 50
1061 228 58
2424 1428 81
2424 746 21
2424 380 66
2424 762 92
1560 1842 97
1842 1238 94
1842 2389 55
1842 1076 50
1694 2133 32
99 1518 29
99 2222 69
99 431 5
99 2151 99
1518 100 84
1518 1814 15
1350 1594 9
1350 2177 66
1350 1433 3
985 1382 78
985 1051 87
985 2282 33
985 1708 79
985 1881 91
1382 597 97
1382 1960 48
403 2158 7
403 1577 83
403 2074 26
2158 398 52
2158 1165 3
2158 987 91
408 2273 78
408 1767 70
408 2009 71
408 1685 22
2273 997 8
2273 1430 36
2273 930 47
2286 988 20
2286 1461 77
2286 1850 48
98 1064 16
98 658 2
98 258 65
98 1621 46
1064 2324 73
810 2024 82
810 966 26
810 1677 60
810 795 67
2024 149 30
2024 2019 1
2024 1605 13
2004 1447 83
2004 542 99
2004 711 68
1649 850 57
1649 2463 80
1649 1811 37
1649 2312 63
832 2237 49
832 2407 34
832 1179 3
832 1909 95
663 2499 33
663 947 7
663 816 84
663 167 6
2499 310 43
2499 1509 97
2499 2412 3
2499 201 12
154 178 64
154 1443 52
154 2290 60
154 1651 71
178 73 30
178 1458 26
178 646 34
613 1631 51
613 800 83
613 1692 11
1631 709 48
1631 0 82
1178 2312 18
1178 2245 42
1178 214 88
2312 227 100
2312 217 34
2312 1917 13
2009 2469 76
2009 1150 69
2009 2124 69
2469 934 71
2469 952 84
818 1740 49
818 1311 35
818 2131 43
818 596 2
1740 843 66
1740 2266 64
1740 2048 17
316 361 7
316 2175 96
316 1253 72
316 1068 61
316 2029 70
361 2221 70
361 1895 71
361 1479 97
2067 1859 66
2067 300 80
2067 1284 78
312 360 64
312 85 20
312 2064 38
1750 2245 30
1750 661 68
1750 2397 21
1750 892 44
1750 1 95
2245 1709 96
2245 1958 43
912 1109 17
912 1238 44
912 131 100
1109 872 26
1109 1642 18
824 996 73
824 181 26
824 830 49
996 1816 40
996 760 76
95 2055 66
95 1051 80
95 2302 85
95 2370 44
2055 896 17
1663 1725 90
1428 2315 72
1428 698 2
1428 1575 86
2315 344 30
2315 930 11
2315 860 66
516 1001 42
516 2425 12
516 2079 79
516 662 3
516 1589 47
1001 946 63
1001 1621 66
872 1868 95
872 2337 93
872 843 60
1868 1432 58
1868 1496 55
1868 121 80
1868 552 46
660 1377 28
660 391 15
660 1791 99
548 724 100
548 314 58
548 1526 71
548 81 62
724 451 56
724 77 54
724 1524 5
724 386 5
587 2255 84
587 1401 48
587 1295 84
587 659 97
662 1240 22
662 77 55
662 1398 16
662 2172 91
1240 2266 63
1240 786 12
1240 712 35
1482 1504 46
1482 132 67
1482 1509 22
1504 304 79
1504 2107 95
848 1867 83
848 631 95
848 1362 30
848 409 62
686 1230 12
686 1043 21
686 1221 63
525 1356 45
525 22 70
525 1700 24
525 1701 71
43 543 39
43 2075 100
263 1881 12
263 19 17
263 273 87
263 675 92
1881 746 7
1881 2483 20
1257 1278 47
1257 35 84
1257 2021 22
1278 1569 59
1278 930 91
177 2045 98
1704 886 20
1704 2029 95
1704 2063 19
493 1652 9
493 1962 73
493 648 9
493 1435 53
422 598 2
422 880 38
422 814 27
422 78 85
422 1474 40
598 2075 23
598 2261 87
598 1443 53
598 1177 66
1513 1384 61
1513 2209 49
1513 503 52
736 2185 58
736 1810 23
736 708 89
736 2204 5
736 1521 31
2185 909 87
2185 1863 74
2185 2213 100
39 42 31
39 1082 30
39 1971 66
39 1235 34
39 2462 38
42 1394 61
42 1140 98
42 350 100
42 943 33
934 1123 42
934 1786 52
934 243 75
1123 711 93
1123 455 86
1123 1173 84
1123 704 46
1009 1352 35
1009 1152 71
1009 1140 15
1294 239 57
1294 2013 31
1294 1088 80
847 2403 94
847 658 9
847 15 84
847 1801 95
2403 731 91
2403 1321 67
2403 1100 86
315 327 44
315 1718 55
315 371 12
315 1706 28
315 2193 25
327 546 65
327 2013 36
327 1385 83
2085 1799 83
2085 816 38
1883 749 30
1883 752 99
1883 1802 43
1883 762 26
1101 2175 21
1101 2291 78
1101 181 54
1101 916 5
2175 961 5
2175 2345 5
2175 1494 32
332 681 18
332 1700 78
332 1260 6
332 886 14
332 931 15
681 1811 35
681 1008 5
681 2209 37
681 911 57
228 2021 13
228 1121 30
228 220 94
228 2090 50
2021 753 61
2021 1049 8
2021 1135 1
458 886 2
458 2380 39
735 1071 15
735 1545 18
735 1345 82
1071 94 42
1071 696 99
550 1025 93
550 522 40
550 1342 95
1025 402 45
1025 308 15
1025 453 39
999 2322 91
999 2126 95
999 513 98
999 1681 31
241 1438 36
241 2468 73
241 1710 29
241 1831 37
241 2251 9
1438 284 100
1438 2382 43
1629 2452 34
1629 1501 21
1629 1067 93
1629 1272 52
2452 706 31
2452 2263 79
1866 1870 46
1866 1602 54
1866 1894 70
1866 1296 51
1866 1659 93
1870 1534 36
1870 1285 71
1028 103 36
941 1031 71
941 888 3
941 1987 11
941 1990 76
1031 986 22
1031 1227 67
1031 2263 28
1031 1831 96
760 956 58
760 898 96
760 1116 84
956 1529 71
956 182 6
956 2367 53
956 2486 92
2287 1582 45
2287 1110 4
2287 2480 77
2287 503 50
603 972 76
603 1212 37
603 373 65
603 1686 50
972 1333 29
972 257 76
972 1483 13
972 276 99
1342 232 87
1342 1351 93
1342 1040 97
1794 2115 56
1794 467 81
1794 1841 51
1794 1536 55
2115 617 58
2115 695 59
2115 520 90
2115 533 92
1311 1896 19
1311 1519 56
1311 1742 89
54 371 60
54 1585 97
54 1516 23
54 1419 80
116 1564 50
116 1979 79
1564 716 48
1564 380 44
1124 1125 17
1124 1661 31
1124 325 78
1125 622 7
1125 1155 14
1125 2316 34
1125 460 76
1388 1467 45
1388 2440 29
1388 1354 4
349 1186 4
349 1489 62
349 1162 18
340 2257 13
340 2038 98
340 804 80
1000 1397 42
1000 2087 36
1000 407 26
1000 161 68
1476 1661 97
1476 401 86
1476 1926 85
1661 1159 99
1661 530 16
1618 1245 59
1618 998 50
1618 1726 21
1012 2200 61
1012 1831 62
1012 1730 74
2200 1570 5
2200 1272 64
2200 2160 47
1192 2023 46
1192 2209 23
1192 212 48
1192 1561 22
2023 271 100
2023 2089 70
2023 1077 9
2045 1766 22
2045 2464 36
2045 512 47
1228 1717 91
1228 604 32
1228 614 94
1228 1973 96
1717 2161 47
1717 2320 88
1717 1502 39
1467 1131 92
1467 2125 29
1467 733 94
2015 959 48
2015 579 36
2015 2194 22
2015 230 30
513 1442 41
513 562 38
513 2099 13
513 245 79
1442 1872 97
2076 2228 65
2076 399 82
2076 2064 78
2228 172 35
2228 2096 22
2228 1613 11
2228 871 73
706 2022 74
706 1826 93
706 1641 63
706 80 87
2022 477 21
2022 2034 38
2022 1437 84
1817 1356 94
1817 1963 85
1817 1896 9
1817 1122 69
1168 1076 24
1168 1354 67
1168 965 25
1168 2193 100
1217 1679 76
1217 2210 86
1217 2014 75
1217 1693 79
1679 2213 8
1679 2386 77
1679 200 51
1679 2483 82
812 1630 34
812 1229 63
812 1275 58
812 2141 24
1630 462 22
1630 682 3
1630 2216 54
1966 1761 98
1966 20 67
1966 2298 31
866 2095 16
866 1802 58
866 1245 7
866 1478 96
866 2 4
2095 650 63
2095 590 33
272 64 78
272 171 76
272 2432 34
741 2100 8
741 1044 69
741 1917 71
741 2365 40
741 1729 61
2100 935 69
2100 2239 25
2100 1664 32
859 354 9
859 1325 32
859 1803 30
1175 1574 98
1175 1590 54
1175 387 46
1175 1529 35
1574 980 45
1574 1445 70
1574 1678 48
1474 2136 52
1474 1974 71
1474 785 30
2136 1093 6
2136 2177 71
2136 1424 27
2136 543 30
428 447 99
428 1230 16
428 596 44
746 1397 2
746 965 14
746 1935 22
1397 1183 60
1397 1189 2
211 2056 2
211 134 18
211 2486 19
211 2437 93
2056 209 88
2056 1975 34
1315 1325 19
1315 401 89
1315 1351 99
1315 1960 80
1325 1920 13
1325 2084 57
973 1561 82
973 591 68
973 1441 37
1561 18 81
1561 2231 22
549 2099 36
549 766 61
1846 2179 57
1846 1718 34
1846 2118 65
1846 20 98
342 759 41
342 2448 14
342 2485 43
590 2169 63
590 873 97
590 2396 4
858 1759 75
858 2432 53
858 81 81
1759 822 83
1759 2458 93
1759 66 78
1759 183 34
453 1710 48
453 480 40
453 2147 62
1710 2278 64
1710 554 41
1710 2496 36
1468 1990 30
1468 193 18
1468 785 60
2088 1466 50
2088 1381 53
2088 461 47
2088 841 62
542 1464 35
542 641 96
542 10 90
314 1676 1
314 196 60
754 2052 49
754 141 30
754 1488 50
2052 1757 50
1992 2075 51
1992 1828 58
1992 891 28
1992 1162 10
2075 733 77
194 668 91
194 1336 18
194 111 42
194 2109 79
194 2081 19
668 1672 91
668 2063 67
2478 1602 4
2478 1976 15
935 923 37
935 2074 54
935 1515 27
15 1834 66
15 2063 12
15 1823 69
15 506 89
1834 472 52
1834 1662 74
1834 123 72
1834 651 41
1534 25 92
1534 2440 43
1534 1060 52
1128 439 22
1128 429 86
888 747 61
888 1773 31
888 2490 87
19 1681 46
19 1821 46
19 457 25
137 1361 87
137 2388 20
137 1567 23
137 148 94
923 2014 6
923 1116 25
1955 189 11
1955 1250 13
1955 1614 11
1955 1556 24
944 120 21
944 457 99
944 334 50
1352 2262 43
1352 2083 33
1895 2254 61
1895 1035 41
1895 2047 1
694 2243 76
694 53 49
694 527 89
694 1093 10
2243 803 29
2243 2040 12
2243 1274 76
2243 1253 91
787 2471 45
787 2029 16
787 2202 16
787 562 31
787 523 14
2471 544 54
1690 1979 99
1690 1673 20
1690 2105 82
1979 1357 29
1979 1715 36
1979 1828 6
1432 1980 97
1432 1446 23
1432 69 54
1980 998 16
1980 1220 99
1980 993 100
1602 2497 79
1602 1510 43
646 1300 7
646 1183 34
646 2102 37
1300 2479 29
1300 2417 85
1300 2040 22
338 2352 82
338 2472 74
338 2319 19
2352 2046 24
2352 968 83
2352 235 72
2416 2250 64
2416 558 36
2416 1120 20
2416 1800 35
1065 938 32
534 2412 99
534 793 86
534 1884 4
534 418 79
534 2369 66
2412 1495 66
2412 106 61
1575 729 38
1575 196 52
439 622 49
439 2262 86
439 2251 65
2368 1507 81
2368 1222 14
2368 838 2
988 2086 7
1270 1406 89
1270 1636 92
1270 857 58
1270 158 98
1406 1349 83
1406 1673 59
1406 426 14
1406 2268 34
911 606 99
911 2121 54
911 2111 95
304 795 19
304 953 34
304 1276 57
304 708 7
795 2142 25
795 273 56
1568 2231 91
1568 837 1
1568 481 30
1568 2396 61
1568 1279 19
2231 109 53
804 852 93
804 1646 74
804 2321 40
804 2345 81
852 1997 20
852 871 35
852 1068 75
852 1231 90
1349 1749 18
1853 2400 31
1853 718 78
2400 981 85
2400 47 66
2400 1919 24
2400 222 29
591 1142 33
591 1234 92
1229 1489 98
1229 1673 60
1489 1232 6
1489 876 26
1489 871 20
398 1332 89
398 495 94
1332 2288 40
1332 595 23
1332 664 46
1332 1087 41
519 462 26
519 479 76
151 637 29
151 873 4
151 596 23
637 1519 44
637 261 41
235 1045 78
235 467 86
235 1764 93
235 1437 33
1045 2105 83
1045 869 25
1582 2011 1
1582 696 72
2046 1104 83
2046 1611 94
2046 1942 39
2303 889 51
2303 1396 94
2303 279 86
640 2262 65
640 531 59
640 2197 93
640 1884 66
640 1097 78
2262 1473 31
1530 1198 20
1530 1248 84
1530 438 40
968 2077 17
968 2386 17
968 1722 52
1014 1951 28
1014 337 98
1014 410 60
1014 2133 37
1951 1353 64
1951 1111 68
1951 407 79
959 452 52
959 52 55
959 2201 60
305 1491 99
305 1237 71
305 2453 49
305 2326 32
1491 1570 80
138 2317 45
138 1617 63
2317 2090 74
2317 2191 23
2317 430 67
2317 1850 98
1280 1231 28
1280 476 59
1280 1726 69
1280 1260 16
471 963 67
471 2418 32
2237 476 43
2237 2044 61
1093 180 76
1093 2089 81
1774 815 45
1774 510 47
1774 1764 44
2029 2137 27
2029 449 43
881 2409 15
881 1035 7
881 2180 73
881 1451 74
966 1201 99
966 1063 17
966 1927 10
1135 2254 4
1135 371 19
1135 2005 9
2254 572 97
2254 218 57
2254 1466 90
2077 2328 48
2077 1378 42
73 1886 44
73 467 94
73 93 79
73 578 33
577 1926 14
577 1538 39
577 2214 37
577 2120 93
1926 1739 70
1926 2280 58
1926 936 35
201 629 83
201 378 9
201 841 61
629 284 13
629 2441 43
629 1033 32
629 1395 53
656 1079 5
656 36 77
656 476 68
656 2460 31
2306 952 79
2306 69 58
2306 563 34
2306 2298 94
79 1282 84
79 2203 42
79 907 15
79 720 23
79 828 41
1282 1488 11
1282 687 92
987 1218 10
977 1385 39
977 2420 44
977 1404 89
977 1709 12
1385 16 52
1385 165 52
1507 1725 69
1507 2342 56
1507 484 16
1507 2216 19
2264 2347 83
2264 898 94
2264 126 72
2264 1230 83
2264 358 13
2347 1964 48
2347 2386 55
2347 1345 31
2347 892 97
796 815 20
796 861 68
796 512 2
796 1279 69
796 1281 11
815 769 71
815 347 42
701 1975 63
701 1887 4
701 1517 48
701 467 94
1975 10 67
1975 406 30
539 236 31
539 1377 12
902 1854 38
902 506 75
2125 2417 80
2125 85 8
2125 1069 70
2125 2199 87
2417 752 41
2417 2474 41
653 171 72
653 2300 9
653 1081 60
750 1867 80
1867 2058 34
1867 1681 86
1867 2369 75
1827 482 40
1827 115 50
1827 659 28
1588 159 68
1588 62 97
2223 1171 38
2223 2465 94
2223 877 91
2223 850 25
119 1886 76
119 214 26
119 256 34
119 809 19
2497 1419 17
2497 291 66
2497 673 92
2497 1434 20
2161 1522 33
1206 1221 39
1206 2314 84
1206 1509 87
1206 288 15
1206 117 65
1221 1279 98
1221 81 52
2047 2111 68
2047 615 6
1419 391 25
1419 76 52
2266 1262 57
2266 34 94
2266 2157 4
333 2050 69
333 51 87
333 1713 12
333 1103 63
333 346 2
2050 2365 3
2050 1869 57
1771 2427 81
1771 2361 70
1771 242 14
1771 1565 74
2427 78 45
2427 189 78
2427 1243 73
2427 644 70
184 1380 34
184 1669 83
184 1540 62
456 2359 55
456 913 13
1999 411 87
1999 78 19
1999 1567 96
1999 1806 28
946 597 77
946 628 65
946 262 6
49 1851 90
49 299 37
49 1711 19
49 850 26
2289 496 71
2289 105 4
2289 308 21
1286 1509 28
1286 1089 5
1286 2114 64
589 1662 28
589 269 6
589 2203 48
2043 2057 22
2043 156 62
260 1198 97
260 826 53
260 1403 66
260 2493 97
260 845 83
1198 1738 63
1198 2385 36
1235 109 20
1235 2280 75
1235 501 76
781 1185 59
617 1202 95
617 1155 67
337 769 29
337 807 15
337 2221 51
337 1470 59
1739 1496 28
1739 106 75
1739 1116 43
1147 1181 91
1147 202 41
1147 2072 23
2239 27 75
2239 87 16
2239 2415 13
2311 1553 48
2311 323 6
2311 1607 8
981 1237 57
981 1052 10
981 1843 85
1237 409 4
1237 1369 40
1676 51 2
1676 1735 39
1676 198 52
1676 1390 54
813 2003 63
813 742 88
813 2496 72
813 2327 62
2003 2014 91
2003 2082 98
2003 609 80
2003 2496 79
1471 1801 20
1471 1706 20
2320 627 65
1494 2350 78
367 1953 92
367 2053 5
367 1843 23
367 1514 18
1953 1195 11
2069 1597 66
2069 323 10
2069 825 60
449 2480 63
449 647 16
449 2344 50
449 2279 17
2480 32 23
2480 2072 84
1786 2280 32
1786 399 62
1786 1682 93
2280 379 9
2280 416 92
2240 1205 83
2240 712 25
1546 2298 92
1546 1514 88
1546 1627 92
1546 2425 37
1546 651 21
2298 1020 65
861 1441 60
861 1728 85
861 1205 96
1441 200 52
1441 326 68
1430 1400 57
1430 860 15
1430 1938 53
963 1112 60
963 1716 53
963 418 91
2057 10 71
2057 386 59
1908 933 94
1908 212 22
1908 1715 81
1908 901 22
203 1148 47
203 294 30
1148 446 42
1148 351 56
1202 720 20
1202 2419 30
1129 1313 24
1129 1435 34
1129 1171 95
1129 954 87
1313 435 77
1313 2147 38
1313 1700 61
826 1541 45
826 1021 18
826 1500 44
1541 2066 83
1541 1565 1
1541 1729 55
1541 1181 83
524 2142 46
524 2257 98
2142 798 39
2142 1605 78
2131 503 23
2131 1725 88
2131 546 87
601 2362 8
601 1559 49
601 943 91
601 2274 74
601 336 28
2362 1993 80
2362 1623 41
2362 132 53
2362 1585 68
420 1038 41
420 14 12
420 2091 82
420 2086 18
1038 970 42
1038 1346 61
2432 2141 39
2496 2102 18
2350 477 3
2350 1020 89
2350 243 51
2350 2119 8
273 952 31
273 6 55
1887 2281 55
1887 510 91
1887 1928 88
2281 2465 9
2281 1614 45
734 1844 11
734 1264 65
734 510 25
734 2476 42
734 2157 49
1844 1836 88
1844 1383 66
1844 1801 44
1844 1712 47
326 329 61
326 262 16
329 133 66
329 227 28
329 76 89
329 1333 65
957 1098 21
957 880 92
957 1087 50
957 2202 20
1098 1186 39
1098 1085 95
1098 1621 7
1098 713 79
220 1761 56
1460 499 18
1460 2318 43
1460 464 7
2109 2268 76
2109 1095 33
1369 240 59
1369 1194 12
837 584 40
837 2479 10
112 2332 91
112 764 58
112 1758 14
112 2108 41
2332 2089 9
2332 1985 28
1227 2019 49
1227 254 84
1227 227 46
1227 527 57
2019 2160 2
2019 719 60
2019 1988 63
643 1968 43
643 1721 54
643 1185 16
643 498 7
643 1976 48
1968 1446 90
1968 551 24
1968 1345 89
1968 2447 87
877 2165 90
986 2078 46
986 803 90
986 442 44
2078 789 62
2078 1266 79
2078 2035 14
2078 1538 26
1516 508 97
1516 1455 82
1100 2310 44
1529 885 77
1967 2179 79
1967 2090 32
1967 1040 89
1967 1597 15
2179 243 9
2179 1552 63
1007 2137 27
1007 461 79
1007 1912 12
1007 2011 32
1007 1762 67
2137 788 1
2137 522 48
2137 2296 2
1418 1606 36
1418 1808 49
2459 1823 93
2459 675 46
2459 2297 84
76 1712 51
76 2464 95
76 1177 5
1712 1127 8
1712 1757 76
1712 1862 22
1719 1784 4
1719 2214 50
1719 2132 69
1719 1642 54
1784 1015 14
1784 1475 85
1784 2059 83
1330 1876 88
1330 1610 66
1371 2498 57
1371 2390 95
1371 2126 34
1371 215 69
1371 426 6
2498 1996 11
2498 1945 5
822 2126 44
287 885 12
287 1597 52
287 238 6
287 1876 11
287 508 80
885 1748 46
885 2284 64
885 1781 37
180 759 82
180 2169 92
180 2199 63
180 2440 97
759 1321 74
759 1208 56
759 176 25
1974 1271 70
1974 1748 6
2361 2205 94
2361 518 87
484 1170 91
484 862 69
484 1207 51
484 1404 95
1170 1145 42
2390 1573 57
2390 1021 70
2390 71 18
2390 1089 10
925 2044 64
925 496 90
925 748 43
925 1689 3
925 14 24
2044 2341 84
2044 697 22
1104 1478 22
1104 1268 22
2061 1446 84
2061 2366 19
348 508 69
348 615 56
764 2328 21
764 494 65
764 1862 15
2328 1850 2
2328 1823 53
399 658 26
399 470 81
399 94 43
658 596 73
658 496 47
1404 602 92
1404 634 78
1646 1096 78
1646 1841 59
1646 1872 15
958 1542 70
958 1416 20
958 771 12
958 766 21
1542 1934 34
1542 1312 89
1816 1791 57
1816 1033 11
1816 2380 87
600 1587 66
600 1689 12
600 7 9
600 227 89
1587 256 38
1587 682 91
1264 64 31
1264 208 78
602 2253 43
602 1938 90
2169 797 66
2169 2335 61
2169 325 70
1767 499 96
1767 702 67
1767 1216 39
1096 1201 77
1096 271 75
1096 921 47
1416 610 71
1416 1734 14
1247 1882 24
1247 1945 19
1247 1747 83
1034 2165 35
1034 784 6
1034 1094 72
2165 1022 21
232 494 6
232 295 52
232 1772 42
494 726 5
494 897 41
1847 2453 61
1847 604 72
1847 1220 46
2453 2278 87
1390 1985 4
1390 1613 37
1390 378 20
1985 2151 45
1985 2467 39
1985 834 30
444 2484 99
444 472 96
2484 1177 84
2484 2037 37
2484 1552 56
1069 1526 93
1069 1090 5
1069 1377 92
1526 1253 25
1526 2472 98
1526 1519 19
1150 1599 50
1150 2366 89
1150 723 13
1599 52 98
1599 512 56
1599 144 53
1599 2295 64
2279 2389 77
2279 2074 76
2279 229 100
2389 889 89
2389 580 44
2389 1782 27
880 659 24
880 1496 56
880 1859 5
1265 1293 8
1265 238 19
1293 907 78
1293 2215 25
1638 2063 77
1638 1450 53
1638 451 36
1638 914 8
2063 1252 51
1959 2384 42
1959 1424 88
1959 1550 64
1959 25 4
1959 291 86
2384 1317 50
2384 2031 31
2384 2141 97
1379 610 79
1379 772 90
460 6 76
460 454 75
219 2379 75
219 939 8
219 1732 3
219 93 4
2379 416 24
2379 295 33
2379 1583 14
2379 29 12
1821 162 41
1279 2130 98
1279 1862 4
2130 1606 12
2130 1783 86
644 1848 18
644 674 96
644 1684 49
1848 2397 15
1848 864 9
1848 1837 85
1823 2034 98
148 2107 73
1179 1479 24
1159 563 78
1159 2208 23
1159 1589 49
1159 738 11
140 1156 92
993 1894 39
993 2087 99
993 130 87
1894 24 78
1894 275 63
28 146 53
28 605 49
28 2261 97
1184 1196 65
1184 1464 92
1184 2442 72
1196 1822 19
938 1958 73
938 1392 95
938 504 12
1958 1933 35
1958 1753 83
1958 2205 20
1620 622 88
1620 2418 18
1620 899 9
1620 1427 29
125 2155 42
125 1949 56
125 836 81
558 1673 89
558 514 78
1673 699 30
1403 2408 44
1403 2255 87
2408 784 97
2408 1097 19
2408 1594 27
291 1571 62
291 2472 18
291 606 92
156 543 67
156 2422 86
156 583 27
862 2054 26
862 411 76
181 7 41
181 29 43
2014 2188 36
2188 2305 43
2188 2485 57
2188 1647 44
40 1706 27
40 1140 47
40 1936 57
2464 7 74
2464 2066 80
884 1567 94
884 2227 68
884 2462 79
1802 72 19
1802 170 44
1802 1097 31
284 556 70
284 257 41
1571 1364 92
1571 94 5
1571 1932 61
1571 982 52
1177 1556 50
1556 217 25
1556 300 40
919 2177 70
919 869 66
919 2103 95
1875 931 91
1875 738 44
1131 2083 69
2083 254 82
2083 2048 64
2083 243 20
543 1749 19
183 1285 10
183 1496 73
183 257 25
1398 718 84
1398 1764 84
1398 317 85
192 1053 55
192 1726 26
192 2141 55
192 2222 67
192 1271 68
1053 1225 4
1053 1689 27
1090 2203 82
1090 2048 97
2203 71 67
1067 2219 28
1067 1621 67
1067 2307 81
2219 400 47
2219 2127 70
711 713 56
1111 1492 2
1111 556 12
2090 288 77
1510 1742 33
1510 1545 45
1742 1387 17
1183 1347 84
1183 1837 16
1183 1414 73
1347 36 84
1347 691 87
723 624 39
723 1711 47
723 2184 44
971 1693 48
971 388 27
1693 1066 55
1693 2167 41
1693 638 88
411 227 82
411 2345 79
1044 2208 96
1044 1117 66
1044 1035 33
2208 1781 51
2208 1333 5
2208 1559 67
531 1037 46
531 1160 29
2251 2356 44
2251 1155 100
2356 2309 21
1501 2293 100
1501 1720 86
1501 374 39
1567 621 41
490 88 8
490 1238 69
2205 1573 48
2205 2119 59
2205 2458 60
1281 1747 18
1281 1361 60
1281 253 54
1747 1820 6
1747 997 6
2419 109 13
2419 838 21
1753 1971 89
1753 621 72
1971 330 68
1971 2036 8
1971 2225 64
1524 1598 87
1524 552 63
1524 1205 91
583 2119 55
583 1553 27
583 279 40
583 1354 79
1073 1983 82
1073 2106 76
1073 761 27
1073 1957 88
1983 1346 59
1983 955 57
1983 2399 25
842 1296 100
842 1480 51
842 195 92
842 857 51
1296 346 66
451 1411 13
451 2460 15
1411 382 8
1411 659 83
1411 2420 25
1411 2476 77
334 597 34
334 1394 54
334 1563 79
334 1805 64
597 785 8
53 2296 5
53 472 13
53 222 76
325 7 28
325 1475 99
58 2476 40
58 80 50
803 566 90
1573 554 50
1573 1820 44
1573 93 69
1387 279 21
1387 758 69
1387 2139 86
1858 1674 26
1858 1384 60
1594 2020 69
1594 756 70
1594 144 74
1700 1189 8
508 1570 4
239 1686 29
239 320 77
239 2194 31
2073 2339 69
2073 2380 28
2073 1725 13
2073 430 29
2339 1702 1
2339 1986 85
1239 802 82
1239 1578 66
1239 1267 15
1239 2382 56
498 546 93
498 1049 12
498 1042 47
1277 1396 4
1277 1015 5
1277 1617 77
2385 726 85
2385 673 12
472 1833 87
472 292 35
1833 292 46
1833 710 32
1087 1194 42
1087 857 45
664 1545 63
664 281 79
664 1559 74
664 873 69
1545 2244 93
1701 1253 8
1701 860 50
914 1838 22
914 1447 5
914 407 84
943 401 31
943 215 83
742 1377 40
742 2492 53
742 1033 35
1851 2160 34
1851 1462 99
1851 1343 26
578 57 99
578 463 42
578 80 30
1757 1576 100
1781 2180 69
1781 2307 51
1781 2428 74
2180 2343 94
2180 286 59
2180 1400 90
128 868 72
128 2020 42
128 1312 62
128 1514 68
868 2204 67
868 1925 98
868 533 96
217 753 27
217 512 79
1652 1662 70
1652 1852 24
1662 518 62
1662 2260 71
492 1266 44
492 1945 54
492 2227 62
492 2270 78
492 1146 22
1266 1407 26
1266 846 42
1118 1957 35
1118 1644 56
1118 1450 37
1118 1674 20
1957 970 71
1957 1015 51
1957 687 61
247 452 88
247 2388 39
452 1919 78
452 1714 95
622 2114 94
279 961 35
1447 2132 96
1447 161 37
1447 1060 76
2132 1862 51
2132 2268 10
2132 1174 58
1598 731 86
1598 843 100
1598 2120 52
294 1695 10
294 2270 5
294 651 62
1695 2168 73
1695 1032 17
206 1811 67
206 127 81
206 751 44
1811 1062 4
87 170 1
87 825 8
87 1364 43
170 530 18
170 345 6
1361 1146 29
1361 321 69
738 1117 94
1027 2485 14
1027 1269 76
1027 1640 35
1027 308 93
2485 1772 48
610 1006 14
610 363 32
1664 1043 67
1664 435 15
2149 774 33
2149 2151 11
2149 830 85
10 2037 18
2476 1026 33
1081 62 91
1081 2255 1
2058 511 15
2058 1722 40
2058 1037 63
1017 2121 99
1017 1536 97
563 1808 1
563 133 18
563 1250 16
786 2399 48
786 249 27
786 1242 78
786 1714 15
2399 1843 30
2399 1339 41
2399 1882 77
17 1672 15
17 1854 17
17 435 31
557 1758 15
557 1800 96
557 377 99
557 1095 85
1758 898 31
2248 1972 42
2248 838 30
2020 1787 32
2020 1949 68
359 992 21
359 2321 78
359 1356 27
992 2087 57
992 1550 100
703 765 20
703 1993 42
703 584 44
703 722 55
765 1074 44
765 1450 32
765 1607 34
952 1252 31
952 126 67
1004 1925 74
1004 809 11
1004 1018 5
1925 510 66
1925 1317 91
1925 130 45
1632 114 16
1632 2443 66
62 1937 18
62 816 8
62 231 81
1937 2428 15
1937 109 51
889 2490 56
889 2472 27
1969 1972 21
1450 1986 82
1450 2086 91
1171 1884 36
1171 1553 81
1076 1392 35
52 1323 18
1261 2382 61
1261 1063 15
1261 2246 80
2382 1484 41
198 1424 27
1424 784 70
1424 1711 24
1364 1317 46
1299 1194 61
510 1112 56
1677 984 8
1677 2027 74
1677 1885 19
788 1976 51
182 1500 71
383 574 78
876 1995 94
876 2366 22
1995 2284 95
1995 1805 82
1995 1918 24
1146 1557 97
1146 432 69
581 771 97
581 766 53
581 1116 80
581 562 37
771 834 39
771 2173 33
771 1795 94
2171 489 46
2171 2461 3
2171 470 56
1103 1112 81
1112 286 70
2225 757 99
2225 1593 17
2225 1627 89
2121 2327 49
2327 897 99
2327 1462 80
1711 2167 50
240 1151 44
240 1317 29
240 1674 78
240 468 6
1151 2178 57
1151 627 6
1151 1645 87
126 1981 88
2397 433 4
2397 67 64
2397 1593 86
2257 870 96
1826 402 39
1826 1139 76
1826 1189 93
2288 2108 83
2288 118 42
2288 1859 61
2288 1152 72
378 230 99
378 1344 20
378 517 50
1384 1402 21
1384 2357 20
477 1407 50
477 410 63
310 1062 37
310 2300 50
310 828 31
1726 2336 57
1726 482 62
2255 2017 60
1082 2159 76
1082 94 26
1672 704 67
1079 817 53
1079 1810 49
2202 66 55
2168 1610 36
2168 2102 1
2168 1972 40
630 797 99
630 2441 8
630 869 96
630 88 53
797 415 98
797 2449 6
171 1909 52
171 1089 13
1909 1681 5
1909 2195 97
141 104 53
141 2152 49
2081 2437 59
2081 2133 21
2081 674 95
468 1085 86
468 1022 1
1085 545 20
1085 1640 54
1085 1949 26
2259 1716 48
2259 1363 14
1917 733 79
1917 984 40
716 1335 30
716 441 79
716 1368 14
716 345 7
1335 766 1
1335 461 1
2253 2326 10
2253 400 33
380 1386 12
380 254 37
1386 1048 13
36 387 64
606 757 26
606 1427 65
606 2357 1
1344 1843 76
1344 2199 50
1344 1005 36
1627 1351 67
22 136 89
22 607 78
22 102 67
22 222 51
136 758 41
1271 1051 44
1271 1839 23
1271 2492 4
238 928 75
238 774 23
2105 1276 57
2105 115 36
1225 83 72
1225 2084 41
2250 1328 100
898 1074 27
2285 2373 36
2285 409 68
2373 401 99
2373 585 39
1222 1162 90
1222 479 91
607 265 96
607 761 46
1685 2054 15
1685 1791 48
1685 1433 56
1738 1684 57
1738 1021 96
604 1410 97
604 476 77
604 1872 74
1380 111 11
1380 265 50
1380 2277 9
1381 1039 20
1381 1455 73
1381 1644 38
1381 1275 80
27 2039 49
131 671 25
131 292 92
131 561 5
671 72 83
671 2422 29
88 1469 75
88 896 55
88 1814 99
1469 789 39
1469 1936 21
1469 621 34
265 2461 42
265 1721 3
574 1362 68
574 2091 16
574 1140 38
574 2017 77
1362 1761 87
2441 83 10
2460 371 20
2460 2068 37
1642 2428 29
1642 1657 35
961 1515 89
961 2215 80
961 511 53
1515 480 31
1515 2118 35
1515 2199 21
1760 400 98
1708 71 85
1708 1544 63
1434 2341 81
1434 1640 80
1434 295 51
1434 1328 42
2341 1729 59
2341 117 96
2341 133 72
2106 258 40
7 386 54
1682 2335 5
1682 37 43
1682 1748 15
2335 2284 53
2335 2108 43
585 1470 60
585 1716 22
585 1640 43
1470 2210 87
1470 2086 83
476 1260 52
571 2474 75
571 78 23
571 1720 22
571 1207 23
2474 144 6
2474 2443 30
2474 1396 9
1806 2159 65
1806 835 99
1578 2443 33
1578 364 79
1578 1248 21
48 1157 4
48 649 33
48 2300 88
48 1734 78
1157 579 30
1157 311 14
1157 928 73
371 844 85
844 345 53
844 1751 71
844 1799 13
1095 1841 99
1095 1414 34
1095 1018 74
1841 2008 87
1841 410 51
253 1791 30
253 1316 45
253 8 2
1400 2102 85
756 1 23
346 1201 44
346 1852 85
346 1544 47
1201 2194 2
1201 2365 88
2126 2178 23
2126 212 47
2282 955 5
2282 242 68
627 387 94
1186 2227 49
1186 1195 64
487 1032 34
487 2005 36
487 1480 76
487 932 74
487 749 57
1032 2204 15
1032 817 34
1032 2187 77
1230 2308 5
1230 979 62
330 2210 55
330 1267 42
330 409 66
1986 2291 73
1986 423 88
2291 1699 36
2291 1005 76
1043 836 34
1043 162 23
1043 32 63
2374 2221 57
2374 1180 73
1461 2177 76
1461 720 17
2321 2493 40
614 2197 48
614 1077 57
2197 1783 47
2197 1934 93
774 495 55
758 362 18
758 838 50
1869 344 10
1869 749 69
1869 362 57
1616 2027 47
1616 1998 96
1616 2358 59
481 2495 30
481 2176 53
481 1762 32
870 1749 73
870 2124 42
1749 2035 38
1839 729 79
1839 2369 51
479 93 41
67 2041 44
67 2031 83
67 517 98
67 1998 54
2041 1047 27
2041 2418 43
2041 482 58
552 34 4
552 117 71
1566 2068 50
2068 1669 36
753 1836 26
753 2333 6
1613 527 32
975 1105 100
975 464 77
975 296 79
1105 1023 77
50 568 69
50 1973 23
50 2096 93
50 2322 63
2210 1232 41
2 1083 32
2037 1973 53
2037 1484 32
710 928 82
710 24 37
928 2407 58
928 1852 46
976 2215 1
976 2028 7
976 1248 76
2215 1110 93
687 2112 61
687 2346 61
2112 236 95
2112 127 42
2112 1981 13
1762 1458 27
269 1077 81
269 51 10
269 1402 80
1077 392 67
1077 1963 75
1522 719 37
57 1837 36
1837 851 6
1837 1686 48
874 2059 16
874 1422 88
874 520 17
2059 1451 54
2059 91 86
2059 2268 66
1083 427 74
1083 1993 8
1083 1174 84
1060 676 29
1060 115 89
512 2013 55
14 1345 91
809 1368 80
809 1935 95
1068 35 55
1068 1039 88
784 1987 56
1049 1659 98
1659 379 39
2160 32 29
2160 450 51
572 953 80
572 1427 95
572 755 97
953 127 83
857 1610 70
857 955 39
1610 164 7
1610 1636 31
2213 158 16
2213 2322 7
2005 1016 54
2178 328 62
1377 1810 84
1896 595 67
1896 2182 81
1035 933 78
2036 2463 72
2036 2013 18
2036 730 38
2463 2284 17
2463 1871 76
455 761 61
455 295 29
450 2144 77
450 377 45
450 2342 30
2144 2284 97
2144 83 5
522 1495 14
522 1633 31
1495 1066 10
1495 1550 99
1495 103 74
698 1706 32
698 1874 48
1962 2337 61
37 1250 52
37 242 73
37 1396 81
37 1532 53
2322 208 70
212 1683 53
1683 661 80
1683 245 96
2428 1490 58
1993 1056 37
317 418 49
317 1803 1
649 2387 34
649 1153 1
649 1641 57
430 311 63
430 440 94
188 400 50
188 1473 99
2099 2034 54
2099 1972 35
2099 1097 93
1822 624 99
1231 873 51
499 523 94
499 120 25
2066 2318 68
2066 1730 64
2066 1912 34
350 551 66
2461 1517 57
2461 72 70
1569 66 40
1569 1297 32
1997 1185 92
1997 379 5
2103 892 48
406 1538 14
406 1174 27
1538 1963 63
1047 1692 7
1692 913 87
1692 1490 36
2437 94 51
1238 1563 47
231 1242 65
231 1363 70
722 1455 4
722 1120 69
249 2062 99
249 1572 73
249 1830 83
2062 2011 51
2062 6 96
2062 1274 2
2034 2468 94
1234 158 19
2154 262 97
2154 1156 90
2154 101 12
2154 638 33
388 501 41
388 384 7
2278 1577 93
1641 427 98
1641 878 62
1605 1702 89
1716 2214 68
1716 354 55
2214 974 57
1810 1812 4
1812 2367 47
1812 865 52
1812 1363 84
1772 2462 94
561 2310 26
561 8 44
1195 2187 76
1295 950 87
1295 1813 3
652 2465 76
652 1268 13
652 1262 14
1141 1040 70
392 2230 70
392 1297 49
392 1464 99
1142 130 31
69 807 76
2409 1696 36
2409 892 58
384 1339 24
1052 1728 19
1052 1653 24
1052 1443 9
2227 2326 87
2227 503 87
1205 1475 10
1205 2440 58
1981 2172 93
1981 926 73
785 1751 24
2182 732 98
1859 2367 2
2184 1621 75
2184 1074 43
2184 970 26
2492 1583 66
2492 1156 91
321 1681 10
321 1480 66
321 2072 85
2133 1462 47
836 1475 28
1039 1668 2
1039 1040 47
1039 2296 12
1668 1357 76
1668 2423 49
1402 1720 59
1402 1127 20
1402 2295 87
1720 16 9
1720 1066 40
161 1392 82
161 1882 18
1016 1684 34
1016 1259 28
1684 691 76
1623 1446 20
1728 1517 64
1728 35 100
969 1730 73
969 1593 13
969 748 5
969 2114 58
969 642 19
1730 1022 23
1730 1751 31
2087 1748 47
1933 1340 97
1933 780 12
647 8 92
647 296 87
551 236 38
709 66 76
709 271 97
709 873 99
480 1220 74
480 2039 23
1863 2297 71
1863 1982 30
1863 780 83
1863 1773 89
311 762 1
1216 1490 2
1414 464 87
1414 761 80
1414 1492 87
486 155 96
486 2274 8
486 1207 26
360 504 43
360 2173 6
101 1882 82
391 1838 18
391 851 42
2443 1725 87
2443 376 41
568 0 39
568 2114 64
568 2140 92
1674 2157 23
1674 615 37
1942 695 48
1942 674 19
718 964 49
258 320 26
254 1253 68
254 1327 17
377 1488 30
562 1435 1
562 2091 12
1435 1180 59
1435 1920 28
2167 2277 24
2167 1565 7
2167 749 22
1964 1 26
1964 947 34
1709 1828 61
1828 1120 80
1056 1502 85
2293 2173 57
2293 2265 95
195 860 78
195 299 34
195 2074 70
195 276 9
2006 230 1
2006 2319 62
2006 222 90
511 1173 43
545 1094 42
545 2462 16
1094 165 24
1094 351 74
1094 688 26
1021 1023 70
1021 2440 85
1023 114 11
1023 81 4
64 2447 24
64 1155 56
1074 2302 17
1463 1243 31
1463 2359 19
865 1836 69
865 1328 55
1836 470 67
772 1189 79
772 1634 87
1718 2425 96
2201 2343 8
2201 1813 70
2222 732 27
1262 446 28
708 2326 3
523 374 3
523 2270 38
133 1634 20
133 1207 79
1634 354 47
732 308 80
642 427 94
642 729 71
223 1340 52
2140 262 61
2140 77 7
2140 631 75
236 699 50
236 1735 40
1735 1945 64
1735 176 7
292 2493 12
292 1782 84
433 1284 99
134 989 58
2204 609 66
2204 854 41
429 697 59
429 121 39
441 1820 46
441 440 50
441 1972 62
1583 1346 3
1583 1483 76
1139 798 2
1139 2040 72
47 930 16
47 2127 29
518 2467 11
518 2127 36
256 1838 60
1838 634 8
1838 755 40
1982 215 88
1982 1346 59
1245 1232 66
1245 102 84
146 730 35
146 2241 13
146 2012 82
32 780 73
104 1886 32
104 1885 82
104 2252 22
104 2241 59
2359 921 38
1165 1928 13
1165 1005 78
1165 980 89
1928 793 11
1928 363 39
2159 261 24
2159 1343 94
1643 2290 74
1643 2292 87
1643 828 62
979 467 90
979 409 39
932 1316 87
932 2357 56
1316 537 60
415 733 73
415 2307 17
415 1521 1
2467 1327 20
2467 634 69
2467 2096 77
2198 1678 33
2268 913 13
913 1160 72
730 204 64
1590 1232 76
1590 172 92
520 2139 4
520 800 10
2139 1799 100
1721 29 46
1721 1502 62
2479 2410 78
2479 1932 69
0 1160 55
0 2495 73
0 1557 53
1323 1048 44
1323 1455 60
2310 308 86
2310 845 87
611 1891 78
1458 438 47
1597 1686 100
1597 544 22
726 793 64
726 1572 13
726 233 97
793 2091 85
817 688 1
817 905 32
2387 1370 62
2387 2324 66
2387 2333 91
1653 1269 31
1653 676 100
702 1496 15
442 891 18
634 347 34
1801 2370 41
1801 159 90
2370 1502 58
2370 2302 38
1353 149 64
1353 2292 20
1353 215 74
878 1297 19
878 731 38
1026 1327 29
1327 697 36
2490 1020 24
2490 2012 40
2490 1492 59
427 1412 45
427 1874 7
1412 1636 55
1037 691 33
8 167 44
162 296 85
162 2336 72
296 202 37
1284 1585 26
1284 208 29
2102 965 84
533 1636 93
533 916 55
533 118 88
1636 2346 35
66 106 5
2449 1732 90
402 1960 43
402 336 12
1854 2367 21
1854 1008 44
2367 1005 5
980 576 73
980 35 45
1297 1901 68
1297 2191 69
149 2053 51
149 1122 49
250 2344 8
2344 621 82
1155 2221 69
2407 618 1
2027 1987 15
2027 2486 37
2027 1938 4
438 933 39
51 1308 64
51 167 1
964 1920 18
964 1427 66
596 747 15
769 2415 97
769 18 65
1242 2230 67
2230 544 45
2230 1563 7
608 1884 92
1478 1714 16
1960 1954 45
1960 200 18
323 261 62
323 1934 39
1008 2462 33
345 939 83
699 1550 20
699 974 99
699 1871 45
1550 696 44
1850 1456 32
1850 573 45
72 697 11
2495 1020 26
2495 1431 50
2495 1357 52
1153 431 2
1686 1410 14
2164 462 29
2164 1766 62
2164 2064 26
426 792 48
426 2369 93
16 1356 59
16 374 5
16 921 61
1006 1563 17
2277 147 89
416 1852 48
416 854 67
2442 2031 40
2442 165 72
2442 1540 63
1617 454 77
1089 2206 22
1207 275 65
1722 661 37
1173 1954 38
1173 1199 84
1954 1893 13
1276 2410 31
382 720 96
2357 2423 45
1446 2236 10
1248 1431 73
1248 489 63
1431 2048 28
2415 1886 25
2209 2358 82
299 1274 63
299 834 71
1920 1117 16
276 1577 30
276 1427 74
1577 720 59
1577 123 47
1519 1521 48
364 939 1
954 2035 81
761 1787 96
631 2155 20
631 892 5
2155 1339 36
2155 1797 56
1585 2124 97
167 1647 6
1647 85 46
1647 1480 84
1647 1321 87
165 1308 58
165 158 52
1308 1272 88
2318 1483 56
2318 431 42
144 2089 80
2038 2418 86
2038 693 98
792 1820 1
792 2292 53
792 1734 93
792 443 67
218 501 50
218 1048 4
218 798 52
501 1433 90
501 1633 95
1243 580 24
1357 1328 80
1576 193 37
1576 530 29
215 2246 84
1689 843 10
1689 2053 12
595 775 27
1145 2191 40
1938 896 24
1938 424 76
743 1648 8
743 864 72
1648 628 14
584 470 46
1764 2274 39
905 1831 78
905 1267 54
905 80 78
1831 2246 23
802 2120 75
530 2263 80
2319 2244 92
2319 650 63
2017 373 30
851 704 24
1272 83 36
106 751 79
916 2342 22
916 2187 54
1437 2421 14
1565 1644 87
546 864 4
546 704 11
864 834 50
1734 693 36
1669 1383 45
1669 1410 12
2343 693 94
2107 172 89
2107 103 86
2107 1158 65
1321 947 15
757 503 77
757 2195 68
713 1990 83
1020 1514 28
2418 1921 26
2297 841 37
674 970 94
1392 2091 33
286 1532 97
286 1803 56
1532 2274 28
1066 556 89
1033 34 73
1033 431 50
1751 506 94
1410 465 20
504 1484 45
1483 926 88
1483 579 51
998 102 92
695 1345 52
1117 91 61
1051 638 95
554 1876 83
554 514 55
1973 118 37
766 1275 86
789 1715 82
789 1572 77
2458 1907 31
733 2388 17
1644 1766 13
1644 1637 23
2472 845 39
386 2486 42
731 1949 74
1488 457 46
1678 1724 92
328 454 15
328 1724 15
328 2381 67
454 1268 62
25 2345 12
579 638 20
1557 1795 17
933 1088 64
1015 2053 60
1015 1127 49
970 2270 87
1885 130 62
1885 537 98
1116 2337 23
1553 2292 13
1152 2381 85
1152 1782 57
2381 1988 83
2381 1637 73
2381 931 57
825 673 64
825 344 79
2176 1872 7
2176 841 54
749 2336 59
1987 2358 36
1987 573 76
1935 2111 11
1935 823 46
281 1606 39
281 1795 31
281 955 52
281 2422 80
1606 1795 14
1606 2031 94
2336 982 34
2008 1976 11
2008 2309 41
1490 423 49
2074 2054 55
2127 2246 18
899 2187 43
899 1328 46
1194 300 46
609 2064 84
609 204 66
2329 2053 65
2329 2096 3
536 1212 96
536 1180 37
1422 1907 63
1422 1456 94
139 465 44
139 2295 84
465 1645 40
2386 725 30
105 1268 20
105 123 93
775 351 94
775 2493 63
440 2096 22
440 362 38
2194 661 63
91 407 38
91 950 65
407 854 47
1218 229 36
1218 1160 61
1048 288 81
556 1274 70
556 704 95
200 2410 35
621 1544 99
78 1936 48
628 172 59
628 2012 25
1156 1036 93
1156 495 50
2246 1852 100
1456 443 81
2493 576 8
2054 748 68
841 2011 18
2011 275 52
907 2448 55
1795 1713 37
1252 1041 69
1901 1312 8
1766 2421 75
1766 155 76
354 1443 48
354 1884 81
1919 300 57
2206 2236 46
2206 2333 49
2206 1383 50
1607 1882 13
2241 1502 63
2295 688 78
1451 424 84
147 2082 42
147 1492 91
159 2261 83
1517 2152 63
1761 521 86
2193 1803 61
35 816 75
2421 2448 97
1346 1492 96
432 1484 61
432 81 42
424 1637 62
55 288 90
155 1063 68
155 675 100
982 1921 74
982 580 7
1921 1042 62
1593 930 19
1394 1041 21
261 676 55
1185 118 61
1893 1702 93
6 517 23
130 573 88
77 2028 29
1741 446 23
1741 1715 84
2423 1862 33
2423 24 48
1122 2422 100
1383 1799 49
1383 1158 27
1799 2448 70
358 1036 100
1062 176 77
1062 1949 9
1062 1696 91
418 1401 40
576 1199 12
117 1536 98
373 1787 93
1181 830 61
1370 682 1
2305 1874 26
752 1500 43
196 275 71
196 1368 35
275 1702 82
1395 1208 70
374 1713 20
80 1473 29
1162 2013 1
102 435 90
1127 1696 29
1250 1401 46
204 828 40
517 2358 99
29 446 19
29 1552 48
1396 20 6
2118 1407 29
650 2324 69
1729 651 47
1340 1930 65
462 984 95
638 618 24
997 2156 57
482 351 7
482 573 52
2342 2422 74
193 1724 89
193 2247 55
193 2195 62
1724 1996 87
189 164 12
691 376 47
896 1378 56
230 1500 17
230 747 23
2079 2012 17
2079 921 5
2079 1907 80
2152 1174 94
661 521 90
2252 814 8
2252 891 71
2252 464 94
1732 1874 80
2244 835 74
2300 457 76
950 2035 2
845 823 61
257 1637 74
1714 114 100
1714 1651 53
176 1180 96
83 926 51
926 2309 21
2333 897 20
984 989 70
2316 2216 67
233 1930 6
1572 835 11
1356 901 34
1651 1963 26
495 1891 11
495 2082 66
2048 2124 43
2187 762 78
846 1783 47
846 1158 2
1005 1354 16
1407 1401 94
1407 2031 81
362 1443 49
1260 2028 15
974 955 42
580 2147 51
580 1401 4
696 1988 38
696 854 42
1363 1378 98
1363 2346 35
2296 1354 78
2012 1552 90
93 1976 10
34 2396 17
34 1874 44
1934 527 17
2156 1830 91
2156 1645 88
347 1872 56
347 1365 9
1174 209 68
1208 463 19
1808 214 55
1351 1121 5
1036 379 71
949 115 35
949 1814 89
605 2028 46
605 1521 64
1312 835 39
854 114 71
202 1645 74
521 936 15
123 936 74
936 1121 15
823 118 29
2292 747 22
115 1275 13
1633 1814 48
1633 897 94
2309 1830 100
1158 1782 75
2247 214 70
618 751 100
20 1343 24
1540 1998 29
2260 379 82
423 921 83
901 2173 25
1830 1343 54
209 443 61
780 245 16
762 1998 41
