1000 2500
409 842 62
409 944 71
409 428 100
409 180 33
409 532 85
842 45 62
842 444 6
842 90 87
842 417 9
81 860 87
81 719 77
81 895 92
81 647 44
81 770 55
860 472 85
860 58 41
860 72 69
860 970 8
276 956 10
276 969 12
276 208 83
276 418 6
276 531 19
956 238 68
956 166 6
956 212 65
956 551 15
7 682 77
7 671 6
7 399 100
7 402 47
7 461 50
682 254 17
682 238 45
682 107 46
682 400 1
792 872 1
792 811 70
792 487 69
792 389 19
792 73 77
872 212 70
872 623 20
872 837 75
872 780 7
561 710 11
561 746 61
561 968 100
561 338 35
561 662 8
710 391 90
710 468 13
710 256 28
710 657 40
135 193 16
135 15 53
135 268 20
135 666 67
135 358 4
193 669 86
193 611 23
193 71 6
193 715 78
262 908 14
262 920 48
262 405 80
262 445 5
262 742 50
908 679 29
908 480 53
908 502 97
908 519 38
68 777 17
68 282 10
68 581 77
68 816 75
68 937 55
777 498 98
777 299 62
777 608 39
777 624 48
406 427 50
406 703 9
406 464 50
406 655 7
406 700 68
427 639 34
427 2 62
427 147 53
427 439 83
191 884 42
191 502 5
191 121 9
191 305 18
191 594 2
884 759 61
884 801 53
884 796 58
884 246 32
550 557 80
550 188 47
550 318 79
550 67 25
550 426 56
557 229 95
557 247 57
557 294 49
557 190 67
34 412 23
34 724 58
34 539 73
34 5 88
34 170 71
412 163 98
412 244 16
412 979 10
412 929 49
138 878 68
138 791 32
138 705 18
138 522 17
138 195 2
878 305 27
878 328 67
878 391 71
878 317 88
132 569 29
132 249 87
132 517 96
132 748 7
132 776 22
569 627 63
569 444 27
569 652 79
569 483 29
130 645 70
130 590 95
130 791 37
130 375 70
130 165 49
645 200 50
645 876 66
645 305 93
645 149 16
155 967 9
155 693 36
155 972 81
155 222 80
155 699 14
967 339 21
967 765 43
967 36 54
967 875 45
461 973 73
461 720 65
461 322 47
461 342 50
973 229 30
973 772 99
973 890 69
973 983 67
47 610 3
47 192 38
47 451 18
47 719 52
47 453 9
610 902 85
610 574 58
610 195 45
610 77 71
572 581 41
572 638 97
572 24 91
572 948 31
572 146 40
581 298 43
581 847 64
581 642 27
367 966 25
367 365 14
367 879 67
367 875 4
367 423 20
966 608 91
966 551 33
966 565 18
966 898 78
612 653 24
612 599 7
612 52 3
612 853 74
612 348 21
653 916 45
653 588 98
653 787 54
653 946 70
584 671 81
584 302 46
584 365 77
584 865 81
584 857 24
671 91 18
671 489 7
671 858 46
365 221 87
365 506 61
365 499 15
657 804 3
657 350 70
657 753 14
657 453 94
804 278 25
804 103 5
804 229 33
804 344 37
319 925 31
319 374 5
319 904 75
319 18 18
319 810 17
925 134 76
925 30 18
925 640 30
925 389 79
186 810 66
186 203 71
186 8 79
186 196 75
186 964 72
810 83 59
810 395 89
810 400 51
669 566 12
669 380 82
669 577 34
669 288 40
446 886 33
446 764 39
446 175 68
446 601 84
446 88 31
886 119 63
886 390 31
886 141 68
886 636 26
955 992 18
955 429 43
955 357 69
955 591 85
955 486 80
992 472 5
992 563 43
992 101 80
992 696 28
251 647 15
251 84 24
251 413 91
251 10 71
251 438 64
647 168 15
647 416 34
647 939 98
969 916 24
969 150 90
969 462 25
969 678 65
531 701 38
531 25 16
531 255 88
531 560 49
701 215 44
701 210 62
701 819 75
701 352 48
836 891 6
836 219 18
836 316 67
836 231 46
836 945 58
891 145 67
891 14 72
891 225 49
891 934 15
208 982 24
208 510 29
208 300 98
208 944 78
229 377 4
229 21 5
269 780 35
269 786 27
269 321 59
269 490 12
269 755 14
780 450 30
780 302 95
780 753 81
485 670 91
485 619 37
485 797 16
485 436 92
485 985 87
670 793 64
670 852 15
670 811 37
670 127 41
415 754 6
415 398 13
415 573 86
415 883 17
415 60 99
754 903 92
754 591 39
754 821 71
754 484 21
675 830 39
675 661 80
675 911 55
675 400 73
675 737 55
830 42 72
830 889 97
830 820 60
830 174 52
280 795 50
280 577 59
280 854 26
280 961 28
280 544 62
795 942 91
795 272 33
795 206 19
795 896 89
235 378 90
235 112 5
235 602 86
235 12 25
235 939 32
378 747 54
378 60 98
378 685 39
378 465 55
320 373 99
320 65 61
320 994 63
320 751 54
320 607 71
373 223 52
373 559 53
373 828 6
373 56 99
336 726 30
336 493 12
336 614 38
336 380 65
336 802 36
726 535 88
726 865 65
726 161 28
726 120 61
311 553 89
311 939 32
311 255 42
311 841 89
311 988 74
553 214 9
553 673 96
553 185 8
553 896 8
683 690 4
683 513 78
683 198 56
683 916 68
683 297 87
690 382 25
690 443 73
690 631 95
690 467 25
215 478 96
215 441 42
215 431 12
215 424 47
108 575 94
108 248 83
108 198 11
108 947 53
108 760 50
575 181 5
575 455 73
575 163 12
575 459 96
508 923 54
508 375 42
508 654 34
508 266 63
508 79 64
923 987 44
923 766 89
923 196 75
923 970 8
474 781 52
474 699 78
474 666 61
474 211 37
474 455 44
781 968 38
781 714 53
781 477 61
781 772 82
91 758 71
91 850 13
91 411 100
91 800 16
25 168 66
25 982 61
25 64 11
25 217 2
168 38 78
168 58 65
168 154 64
689 971 42
689 786 29
689 448 96
689 95 19
689 125 57
971 220 40
971 207 5
971 93 57
971 48 25
939 928 100
939 827 69
672 918 7
672 120 78
672 304 92
672 702 94
672 160 3
918 49 55
918 401 65
918 812 54
918 627 66
301 337 85
301 178 35
301 42 83
301 499 28
301 238 36
337 605 78
337 489 40
337 189 100
337 590 34
732 932 100
732 847 34
732 676 51
732 828 65
732 500 40
932 582 45
932 826 6
932 340 16
932 245 86
352 382 56
352 120 86
352 568 65
352 857 60
382 511 24
382 808 77
382 730 9
331 359 41
331 722 77
331 711 88
331 71 68
331 253 58
359 768 15
359 901 13
359 936 55
359 915 33
128 674 75
128 554 58
128 350 40
128 857 14
128 90 4
674 592 17
674 60 27
674 458 4
674 664 66
649 934 62
649 253 55
649 906 22
649 526 83
649 226 79
934 791 92
934 422 12
934 921 46
213 898 18
213 148 40
213 525 36
213 4 97
213 533 42
898 495 59
898 625 86
898 698 24
44 940 56
44 752 50
44 588 63
44 888 100
44 648 84
940 523 76
940 938 99
940 867 28
940 534 100
154 583 85
154 0 31
154 731 100
154 149 7
583 137 71
583 958 88
583 20 50
583 963 32
333 405 18
333 946 48
333 226 88
333 298 79
333 330 17
405 618 27
405 335 94
405 560 1
533 579 54
533 381 56
533 379 49
533 825 85
579 133 84
579 442 49
579 818 54
579 548 52
230 807 90
230 688 65
230 107 2
230 911 35
230 662 56
807 723 51
807 544 7
807 837 45
807 494 81
244 476 74
244 156 23
244 202 22
244 769 92
476 176 39
476 290 81
476 652 71
476 473 83
116 556 100
116 899 76
116 626 15
116 802 94
116 18 33
556 379 55
556 124 88
556 141 3
556 480 96
597 600 46
597 756 65
597 204 29
597 243 63
597 787 100
600 298 87
600 423 29
600 960 53
600 699 14
216 234 55
216 362 7
216 960 85
216 422 16
216 686 54
234 488 68
234 874 27
234 752 26
234 833 49
419 593 56
419 803 67
419 88 44
419 631 58
419 888 5
593 169 86
593 744 13
593 326 37
593 719 100
9 695 42
9 291 77
9 921 30
9 945 91
9 22 100
695 261 7
695 126 88
695 505 61
695 503 91
578 586 29
578 28 63
578 541 76
578 361 97
578 152 2
586 274 37
586 383 74
586 484 44
586 823 39
719 435 83
719 933 31
87 241 80
87 702 41
87 737 94
87 330 72
87 607 31
241 123 92
241 910 28
241 480 38
241 462 52
375 528 84
375 962 65
375 545 10
528 437 60
528 72 45
528 117 64
528 763 32
270 591 96
270 740 3
270 623 84
270 491 32
270 736 31
591 418 98
591 733 65
3 247 100
3 106 23
3 953 37
3 32 3
3 851 25
247 744 28
247 926 39
247 202 23
279 676 97
279 779 88
279 825 90
279 217 46
279 39 27
676 951 98
676 384 72
676 399 78
259 847 21
259 183 99
259 467 5
259 325 37
259 567 33
847 171 76
847 263 12
1 57 90
1 260 80
1 315 5
1 769 71
1 549 33
57 947 31
57 464 26
57 542 58
57 746 7
358 740 11
358 850 29
358 441 70
358 43 51
740 456 93
740 641 21
740 66 83
460 608 57
460 525 1
460 14 13
460 605 20
460 475 47
608 585 44
608 180 56
766 943 74
766 694 63
766 440 3
766 514 16
943 751 22
943 222 75
943 837 70
943 221 23
72 346 29
72 124 7
72 398 88
346 798 78
346 623 63
346 416 36
346 109 20
18 900 2
18 55 90
18 664 90
900 880 20
900 545 46
900 753 19
900 355 22
489 861 98
489 844 51
489 284 69
76 990 72
76 783 16
76 596 66
76 568 67
76 59 59
990 156 67
990 616 56
990 478 40
990 175 26
722 555 43
722 411 100
722 871 45
722 204 23
471 882 85
471 477 25
471 146 51
471 503 9
471 286 39
882 921 90
882 751 74
882 709 6
882 142 57
566 854 21
566 488 75
566 767 44
566 497 49
854 879 86
854 696 3
854 519 50
112 275 29
112 961 45
112 383 11
112 857 34
275 660 97
275 982 68
275 845 83
275 386 16
157 426 63
157 14 63
157 475 61
157 203 40
157 656 26
426 302 83
426 846 60
426 543 62
12 862 13
12 124 85
12 308 16
12 143 14
862 444 39
862 96 4
862 846 41
862 20 66
594 952 53
594 909 82
594 822 72
594 708 58
952 88 30
952 184 32
952 19 12
952 890 75
942 927 51
942 585 33
942 70 52
942 220 39
174 515 37
174 240 79
174 838 18
174 423 41
515 968 30
515 838 71
515 45 70
515 728 32
459 764 9
459 715 80
459 462 25
459 951 69
764 17 54
764 775 5
764 601 58
236 835 33
236 885 72
236 325 42
236 324 68
236 425 8
835 370 93
835 907 93
835 148 96
835 759 34
370 824 49
370 859 77
370 686 94
370 889 73
644 809 56
644 11 66
644 622 90
644 411 17
644 237 11
809 355 76
809 840 36
809 66 27
809 99 72
153 837 62
153 761 65
153 785 41
153 67 12
153 204 83
837 214 91
19 757 68
19 536 82
19 223 24
19 601 75
757 271 95
757 539 68
757 979 32
757 906 77
178 750 59
178 432 32
178 876 12
178 691 61
750 211 51
750 204 19
750 115 20
750 481 63
161 926 47
161 988 44
161 281 70
161 661 38
926 56 84
926 867 90
926 880 54
245 431 95
245 397 57
245 798 51
245 997 49
431 199 100
431 115 29
431 927 50
82 404 93
82 340 16
82 450 23
82 716 10
82 685 10
404 165 61
404 784 13
404 567 19
404 634 37
335 962 93
335 33 69
335 144 31
335 974 58
962 988 54
962 264 9
962 494 59
303 372 78
303 396 78
303 816 20
303 730 47
303 455 46
372 772 48
372 15 61
372 768 65
372 342 60
59 686 40
59 511 95
59 604 36
59 198 91
686 844 63
686 206 65
456 614 36
456 761 79
456 8 1
456 428 22
614 383 28
614 439 8
614 170 81
546 773 14
546 498 83
546 422 61
546 290 26
546 420 29
773 625 84
773 38 46
773 295 55
773 432 14
65 998 41
65 589 21
65 150 24
65 188 31
869 905 65
869 385 73
869 401 53
869 181 16
869 739 11
905 4 88
905 668 40
905 481 4
905 330 47
253 636 9
253 718 1
253 94 57
636 300 68
636 122 51
636 818 40
212 784 22
212 929 60
212 31 3
784 369 78
784 217 81
784 957 52
472 896 61
472 493 97
472 48 97
189 880 39
189 662 63
189 828 62
189 141 65
880 204 53
880 697 37
800 805 81
800 595 67
800 794 42
800 637 17
805 43 63
805 179 31
805 981 69
805 125 87
625 321 61
625 964 80
625 214 27
133 756 75
133 192 97
133 945 54
133 20 66
756 249 99
756 53 24
756 392 10
660 816 82
660 562 2
660 202 56
660 852 64
249 522 60
249 184 43
249 146 45
522 458 41
522 999 3
522 658 51
142 167 3
142 497 16
142 735 79
142 162 20
167 338 4
167 330 2
167 902 95
167 618 46
26 364 42
26 677 63
26 104 46
26 449 19
26 658 42
364 748 90
364 518 7
364 348 66
364 827 31
166 524 78
166 635 61
166 469 73
166 818 50
524 949 54
524 176 72
524 930 39
524 271 41
501 743 61
501 183 8
501 617 86
501 268 93
501 317 30
743 611 58
743 239 97
743 637 15
743 621 96
391 871 59
391 291 56
391 89 22
871 100 20
871 642 71
871 264 87
651 947 99
651 741 36
651 52 65
651 843 24
651 274 4
947 384 54
947 643 4
288 895 99
288 717 97
288 998 36
288 604 87
895 290 50
895 829 16
895 919 98
147 919 76
147 559 81
147 803 71
147 982 72
919 731 94
919 887 70
919 484 92
184 329 79
184 190 76
184 995 13
776 798 50
776 481 26
776 559 81
776 110 77
798 274 75
798 929 67
988 39 43
988 106 31
582 977 74
582 267 66
582 69 39
582 51 50
381 656 92
381 849 14
381 785 69
381 796 91
347 806 51
347 667 35
347 588 36
347 159 21
347 516 19
806 532 84
806 179 34
806 799 11
806 772 49
240 540 34
240 991 81
240 506 49
240 609 6
599 78 18
599 970 10
599 698 11
599 875 8
938 981 40
938 580 57
938 113 46
938 658 50
981 850 96
981 760 9
981 611 76
248 305 26
248 86 41
248 724 7
248 907 92
305 40 68
175 995 28
175 342 45
175 914 67
995 527 81
995 897 21
995 959 99
180 256 40
180 799 37
180 713 76
256 849 96
256 403 15
256 50 38
8 738 14
8 616 10
8 121 45
738 521 64
738 558 21
738 194 79
738 607 45
183 590 71
183 350 43
183 739 66
590 630 8
590 814 74
577 709 13
577 263 30
577 782 32
709 123 24
709 655 1
709 901 51
702 755 65
702 435 100
702 747 32
226 817 36
226 267 8
226 129 15
817 787 12
817 257 66
817 762 51
817 924 15
338 958 84
338 712 51
338 935 89
958 296 96
958 131 61
958 425 32
221 293 43
221 786 15
221 356 15
293 340 74
293 912 100
293 704 8
293 774 100
86 484 61
86 978 66
86 110 27
86 390 65
633 646 78
633 562 42
633 881 30
633 536 66
633 987 75
646 109 37
646 407 34
646 487 25
646 468 45
177 366 25
177 493 25
177 118 3
177 206 10
177 287 46
366 516 53
366 85 39
366 673 63
366 310 60
793 687 45
793 67 17
793 117 71
793 741 2
388 815 18
388 739 80
388 741 53
388 753 85
388 440 76
815 877 70
815 107 10
815 852 67
815 775 74
478 109 22
478 273 29
478 959 43
225 937 63
225 565 1
225 111 36
225 362 45
937 641 14
937 725 17
937 371 20
976 985 11
976 85 26
976 975 72
976 639 43
976 125 75
985 628 73
985 339 20
985 39 48
611 910 31
611 17 77
106 704 93
106 84 85
106 228 38
511 547 5
511 425 70
511 368 62
75 885 46
75 963 100
75 423 34
75 514 93
75 173 32
885 327 36
885 131 35
885 298 78
17 493 41
17 903 63
17 222 58
295 888 89
295 744 41
295 52 57
295 758 25
888 165 49
888 79 69
209 705 65
209 950 31
209 813 61
209 716 48
209 395 77
705 66 38
705 434 46
705 576 81
62 277 97
62 728 77
62 917 10
62 413 59
62 285 57
277 465 25
277 654 63
277 535 99
277 840 60
535 150 16
535 340 48
535 35 88
285 843 67
285 555 32
285 377 72
285 29 40
843 866 1
843 741 57
843 833 87
278 28 25
278 567 34
278 448 84
278 394 20
512 742 71
512 588 56
512 261 63
512 93 6
512 950 76
742 945 85
742 899 88
742 585 26
527 605 42
527 564 48
527 263 23
527 924 41
605 435 76
605 747 88
282 954 68
282 327 26
282 745 17
282 868 46
954 650 56
954 877 55
954 820 13
954 618 50
744 870 9
744 323 1
629 998 15
629 350 15
629 287 23
629 984 29
629 164 3
998 134 39
998 418 50
294 928 37
294 603 79
294 684 95
294 906 94
928 526 85
928 273 26
928 917 98
987 733 47
987 185 48
987 991 3
260 377 26
260 930 87
260 491 93
260 171 1
377 77 14
377 802 7
33 822 64
33 42 28
33 634 28
33 61 49
211 711 66
211 821 64
211 704 1
734 791 84
734 345 28
734 149 98
734 907 11
734 190 46
791 571 26
466 482 98
466 812 100
466 194 65
466 959 87
466 379 85
482 639 52
482 243 89
482 181 8
482 627 22
64 322 14
64 385 2
64 450 54
64 696 2
322 114 80
322 105 88
322 635 51
759 250 32
759 775 14
759 79 27
418 54 2
418 313 9
799 877 88
799 574 50
799 414 100
31 819 86
31 712 96
31 98 95
31 729 21
819 111 84
819 767 29
819 182 89
635 544 51
635 917 99
635 668 97
287 745 53
287 516 26
287 20 64
745 643 5
745 589 19
745 430 43
516 957 79
516 574 92
198 667 78
198 224 29
667 172 42
667 989 61
667 910 47
258 718 93
258 834 81
258 525 59
258 464 5
258 441 58
718 421 34
718 775 65
718 442 12
639 796 36
639 931 91
555 231 51
555 437 57
555 71 21
307 839 54
307 37 62
307 84 72
307 749 59
307 408 60
839 909 8
839 977 28
839 299 73
839 723 19
356 615 93
356 530 30
356 731 12
356 996 17
615 859 45
615 447 41
615 731 77
615 506 9
443 620 84
443 782 5
443 354 35
443 428 89
620 927 3
620 454 3
620 458 39
620 486 89
61 289 95
61 648 51
61 834 49
61 560 83
289 439 47
289 156 97
289 389 92
289 16 54
480 767 81
480 728 36
767 283 60
767 563 76
299 755 74
299 169 88
299 343 33
755 139 54
755 187 34
899 84 16
899 540 82
899 354 52
982 950 14
479 542 34
479 602 82
479 845 60
479 504 94
479 539 76
542 920 48
542 668 54
542 11 26
389 914 55
389 353 57
914 714 30
914 794 55
914 324 80
350 351 20
493 849 6
49 171 17
49 551 62
49 901 67
49 949 70
171 438 98
171 41 65
148 124 65
148 439 44
148 103 82
796 513 31
796 103 48
450 762 66
450 195 56
622 972 43
622 492 71
622 567 63
622 453 1
972 598 78
972 66 35
972 114 14
37 53 35
37 144 49
37 761 89
37 97 95
53 668 47
53 487 99
53 534 12
650 816 78
650 316 68
650 906 84
650 986 65
915 965 20
915 4 86
915 360 21
915 778 44
965 246 63
965 684 8
965 121 32
965 267 22
134 417 66
134 102 85
134 986 3
129 959 13
129 353 8
129 834 100
129 5 18
959 606 63
123 873 81
123 663 32
123 227 37
909 344 4
909 306 94
909 265 20
36 93 5
36 308 32
36 312 80
36 433 96
93 980 56
93 399 15
120 876 73
120 911 17
877 343 28
877 716 29
264 774 47
264 541 58
264 429 48
774 824 33
774 950 20
774 393 45
696 813 13
696 158 89
813 384 9
813 893 67
813 316 29
903 681 14
903 35 71
903 210 24
327 421 74
327 621 87
327 549 18
421 664 2
421 69 44
421 892 32
661 975 72
661 935 97
661 195 23
119 692 87
119 16 13
119 949 35
119 697 46
433 933 78
433 504 92
433 237 95
433 621 61
933 873 36
933 814 27
933 866 76
721 991 51
721 457 14
721 656 49
721 537 16
721 300 51
991 497 5
991 374 71
2 746 19
2 749 6
2 564 7
2 410 63
746 946 99
746 504 78
125 408 16
125 989 98
408 507 26
408 655 15
408 30 90
714 723 38
714 855 67
714 107 84
723 376 98
723 770 85
444 210 67
444 151 85
199 357 58
199 63 17
199 99 58
199 841 17
357 231 95
357 864 72
357 321 36
588 218 43
497 430 80
497 904 13
113 699 69
113 326 47
113 570 73
113 975 9
699 917 93
632 769 4
632 801 99
632 92 13
632 707 97
632 35 59
769 666 16
769 927 72
42 266 24
42 465 35
266 483 33
266 341 22
266 540 19
32 630 88
32 465 91
32 931 7
32 139 8
630 23 2
630 637 7
630 509 38
326 41 21
326 5 5
326 399 65
298 808 31
439 496 44
496 532 16
496 403 32
496 616 40
496 883 34
163 39 17
163 559 35
163 627 36
435 790 31
435 118 33
227 576 100
227 863 21
227 21 23
227 638 59
576 111 45
576 267 96
576 74 29
713 735 54
713 677 33
713 642 90
713 176 71
735 232 49
735 80 33
735 114 27
78 224 75
78 700 40
78 286 57
78 979 32
224 492 5
224 616 11
224 541 76
592 974 4
592 399 30
592 570 51
592 739 54
543 818 23
543 853 12
543 838 18
543 233 42
818 488 49
255 387 64
255 228 86
255 866 28
385 783 14
385 218 53
385 700 98
953 139 6
953 887 80
953 748 34
953 100 86
445 920 25
445 380 35
445 536 38
445 922 72
920 55 55
920 912 12
321 273 58
321 94 9
921 678 78
921 803 42
595 864 36
595 517 88
595 641 15
595 394 89
864 833 57
864 502 9
864 143 22
387 725 87
387 463 77
387 832 94
387 930 41
498 931 91
498 789 93
498 758 59
931 503 93
931 16 63
432 468 36
432 422 83
432 828 16
454 861 62
454 510 19
454 570 99
454 152 6
861 369 29
861 568 22
861 626 82
45 79 41
45 10 32
45 626 78
261 801 37
261 778 80
261 616 33
720 658 11
720 848 81
720 220 17
720 856 39
316 402 61
316 980 73
402 922 45
402 997 86
402 911 44
950 268 16
477 993 75
477 565 83
477 309 43
993 935 22
993 558 10
993 114 10
993 100 16
292 539 73
292 663 35
292 509 44
292 11 38
292 520 93
539 453 58
495 265 43
495 812 10
495 736 9
495 46 41
54 518 68
54 994 94
54 268 3
54 28 34
518 250 28
518 376 31
518 890 55
964 968 29
964 980 35
964 984 47
968 197 51
21 341 25
21 883 82
21 312 100
341 185 83
341 789 6
341 692 94
274 521 23
274 790 85
521 96 68
521 779 94
521 944 94
434 659 14
434 604 13
434 24 33
434 984 53
659 151 88
659 763 82
659 384 18
659 228 77
83 760 41
83 363 35
83 875 37
83 697 39
957 354 17
957 711 49
957 768 7
927 863 88
530 977 88
530 110 26
530 420 49
530 831 2
977 506 100
977 655 70
761 317 78
761 681 74
951 283 71
951 400 58
951 334 69
628 874 97
628 469 3
628 790 18
628 219 7
874 27 18
874 437 49
874 314 70
27 505 48
27 788 96
27 315 72
27 29 7
505 6 21
505 731 57
505 379 85
14 979 9
14 101 30
158 414 74
158 604 69
158 463 77
158 200 55
812 510 12
812 140 18
231 829 54
231 514 51
829 643 74
829 585 25
829 430 24
728 182 67
728 706 53
747 96 96
747 865 32
188 724 44
188 197 49
188 573 35
724 634 51
724 698 62
152 801 87
152 568 73
152 547 30
801 617 53
300 420 19
300 811 3
963 200 64
963 684 62
963 944 57
290 771 48
290 55 54
771 538 42
771 596 7
771 122 77
771 788 87
980 729 4
980 393 81
85 306 15
85 232 19
85 876 76
200 589 40
200 537 65
922 984 85
922 144 31
922 302 37
984 961 8
30 631 1
30 913 21
30 438 98
631 758 16
631 638 63
820 936 35
820 570 1
820 452 89
936 697 88
936 694 18
936 824 50
379 196 80
822 832 54
822 392 4
822 74 41
374 706 25
374 983 81
374 451 61
706 361 72
706 887 30
706 529 23
541 883 56
541 603 25
883 342 30
783 323 49
783 353 35
783 343 12
314 691 73
314 856 34
314 440 45
314 239 34
691 841 13
691 680 92
691 383 3
15 989 87
15 536 76
15 23 17
687 717 20
687 602 97
687 565 28
687 867 39
492 554 36
492 192 93
492 170 38
554 242 77
554 824 40
554 866 33
242 708 95
242 949 49
242 71 55
242 328 46
708 507 84
708 449 16
708 849 97
40 573 89
40 787 15
40 380 30
40 349 93
573 243 20
573 824 22
10 56 43
10 310 8
10 325 55
56 831 9
56 889 57
254 328 70
254 223 88
254 243 58
254 438 60
916 315 7
916 182 46
414 491 11
414 617 76
414 222 75
491 223 51
491 237 34
504 564 19
504 80 50
329 941 56
329 416 96
329 115 86
329 297 80
941 889 89
941 137 46
941 309 14
941 24 65
564 856 79
564 286 79
832 887 88
832 205 3
832 48 19
887 768 48
855 907 80
855 707 4
855 770 71
855 637 68
907 468 68
452 782 73
452 978 91
452 640 83
452 107 14
782 160 38
782 873 45
94 665 76
94 526 17
94 122 74
665 803 26
665 407 95
665 317 2
665 368 36
423 386 26
220 890 72
220 146 83
890 390 74
43 619 23
43 69 13
43 127 72
619 156 32
619 948 7
619 117 64
111 345 56
111 834 10
345 181 51
345 55 63
345 852 51
808 737 28
808 470 59
808 318 68
739 127 36
0 514 80
0 825 85
0 398 95
0 11 73
514 538 81
715 868 22
715 353 78
715 13 13
868 733 71
868 948 74
868 698 1
169 206 51
169 462 35
169 297 49
206 203 38
324 983 33
324 257 82
324 893 59
983 613 70
983 627 97
156 547 91
172 440 100
172 503 80
172 396 2
172 252 49
440 149 36
52 867 83
52 465 18
873 684 12
873 237 9
283 602 36
283 778 99
283 549 59
904 271 59
904 999 23
904 413 75
935 826 31
935 823 76
11 38 80
339 79 17
339 790 14
339 913 47
772 233 92
663 238 66
663 263 87
663 929 1
197 103 65
197 811 24
197 50 55
453 580 94
580 494 35
580 693 66
580 831 16
688 509 24
688 730 2
688 143 50
688 102 42
210 831 52
210 309 95
398 673 51
398 662 88
144 846 99
144 306 42
658 529 41
961 115 7
961 529 15
360 797 4
360 109 25
360 473 96
360 475 21
797 291 33
797 74 89
797 551 85
664 859 17
664 448 44
84 469 55
758 16 69
523 949 84
523 195 50
523 558 54
523 430 80
105 284 96
105 892 44
105 463 76
105 150 35
284 486 2
284 762 85
284 613 23
151 483 70
151 851 25
151 455 91
879 989 86
879 22 59
879 693 31
989 104 58
765 640 81
765 549 13
765 997 22
765 39 82
291 410 71
291 317 72
410 996 41
410 187 50
410 22 70
263 679 55
267 727 100
727 63 25
727 312 32
727 826 77
727 656 73
442 525 95
442 703 1
442 97 3
507 999 63
507 101 9
507 380 29
711 770 55
711 95 30
137 617 87
137 187 51
137 51 100
617 562 68
179 205 34
179 451 9
179 881 23
205 348 76
205 517 20
205 428 17
894 974 68
894 853 18
894 286 8
894 552 3
894 131 63
974 841 5
974 304 79
243 369 97
369 386 88
369 565 75
122 457 1
122 252 4
457 863 12
457 272 76
457 924 35
353 464 95
850 343 64
850 395 45
250 218 95
250 46 82
250 5 77
383 239 43
441 571 7
441 100 10
196 526 49
196 164 77
63 789 65
63 328 26
63 648 15
789 41 1
789 503 75
526 685 5
552 571 20
552 870 96
552 634 73
552 558 10
571 252 91
571 700 71
737 313 91
737 779 3
416 897 75
416 845 34
395 624 98
395 202 8
624 741 40
624 77 2
624 768 42
481 652 72
481 786 57
978 451 64
978 127 18
978 924 53
164 840 77
164 679 98
164 748 8
840 411 38
840 729 60
98 257 63
98 103 32
98 325 83
98 118 7
257 145 78
257 101 42
342 510 62
28 500 79
28 787 18
532 717 88
532 332 4
238 870 24
826 219 38
826 598 41
96 827 41
96 821 50
827 304 17
827 838 80
643 996 53
643 814 46
996 994 56
996 814 48
510 601 46
223 751 25
368 648 2
368 313 59
368 828 73
648 623 66
214 733 39
214 462 48
509 397 17
509 296 73
486 603 22
486 587 68
603 315 40
603 139 69
547 145 77
547 140 71
143 529 5
143 217 67
529 55 57
397 846 64
397 371 32
397 613 45
417 165 41
417 194 45
417 141 16
752 640 70
752 73 94
752 420 100
114 986 94
165 912 75
192 946 17
192 893 34
538 136 18
538 544 92
538 679 35
203 960 54
203 50 34
308 574 89
308 881 51
308 858 41
574 315 63
596 794 9
596 20 42
596 393 91
775 488 27
704 680 28
704 692 7
6 537 63
6 729 59
6 146 55
6 677 23
537 67 58
537 110 8
559 770 37
717 323 53
717 115 82
343 424 54
424 910 35
424 748 84
424 607 83
733 351 60
841 866 45
361 751 43
361 655 74
361 330 86
694 517 36
694 679 82
694 162 56
392 730 26
392 344 2
392 500 32
730 67 5
568 897 43
438 310 44
602 92 93
126 897 86
126 680 76
126 88 27
126 207 100
656 396 32
986 390 42
986 778 46
585 707 95
863 901 33
863 232 68
638 525 26
638 545 99
859 118 69
859 560 4
975 344 69
975 309 72
692 853 51
692 425 79
328 668 96
436 893 54
436 902 7
436 371 33
436 712 60
893 544 99
867 823 61
160 400 51
160 104 99
160 376 37
917 5 99
551 816 63
902 681 21
902 127 92
70 363 84
70 118 6
70 736 15
70 725 69
363 271 89
363 626 10
363 562 2
185 394 99
185 924 47
786 90 1
447 912 76
447 707 43
447 609 40
447 173 100
618 182 8
618 856 42
763 825 95
763 219 40
763 313 58
297 712 51
297 458 19
712 272 68
853 449 65
396 654 38
396 401 8
654 749 22
654 499 76
272 475 79
272 725 10
475 95 63
281 703 66
281 181 29
281 587 63
281 785 76
703 437 35
703 302 36
892 362 10
892 802 71
892 896 51
779 875 4
779 698 61
80 304 41
80 393 32
80 354 62
304 344 35
707 960 9
960 296 64
207 265 100
207 870 85
207 642 26
265 88 92
265 519 92
464 946 94
313 607 55
468 997 81
131 844 92
131 857 3
117 349 69
117 760 19
349 393 5
349 906 94
349 587 2
500 23 75
500 219 80
680 232 6
680 109 27
38 563 29
38 182 30
536 678 70
232 170 50
422 870 68
271 312 37
549 881 60
881 716 78
540 428 88
540 790 19
848 318 68
848 403 10
848 296 92
848 490 69
124 332 70
246 811 81
246 4 48
246 217 44
469 948 24
469 473 45
589 58 44
589 222 64
626 233 76
563 652 6
563 92 93
306 606 89
306 22 68
606 666 55
606 499 22
606 429 47
666 834 58
71 785 74
340 548 89
4 685 95
846 355 73
390 979 99
640 376 75
273 621 53
273 46 54
228 202 77
228 693 35
325 467 11
145 613 1
145 252 21
121 803 44
121 911 12
570 323 99
429 749 42
429 13 74
92 567 96
92 58 66
856 844 80
13 753 44
13 851 27
13 858 87
16 562 49
749 348 58
693 371 84
463 700 43
463 136 100
520 641 2
520 430 12
520 677 33
520 833 5
641 170 61
48 831 57
48 141 12
149 413 47
332 23 25
332 483 72
332 587 11
99 913 6
99 351 67
99 50 72
913 484 19
913 194 42
310 362 74
310 716 12
662 910 69
970 821 19
970 407 51
351 233 37
351 502 12
23 401 66
35 604 40
35 89 93
851 73 98
851 233 70
77 534 30
77 889 92
73 470 25
73 637 88
323 558 7
623 140 12
24 499 74
24 334 68
451 825 81
60 150 14
60 104 22
944 29 66
912 296 98
194 449 97
929 513 84
403 100 83
403 159 44
948 411 68
58 318 3
318 110 33
140 652 55
140 587 76
994 930 87
994 642 82
394 448 64
394 173 84
136 858 90
136 334 92
136 41 15
677 90 26
458 470 37
684 788 35
488 762 59
802 29 46
187 218 66
187 823 24
517 218 55
102 494 96
102 334 48
102 844 41
494 490 63
22 354 3
69 760 47
69 89 34
448 470 65
470 673 100
725 999 71
865 139 7
865 190 2
355 621 34
355 407 65
876 736 86
51 788 78
51 490 99
51 176 28
159 201 62
159 601 75
159 104 95
201 90 99
201 74 56
201 513 79
201 778 81
437 407 42
384 425 23
362 852 69
788 901 17
697 66 64
762 548 85
930 673 32
685 999 13
513 609 35
785 945 28
545 386 5
545 534 56
386 97 92
473 736 82
473 239 23
455 239 18
858 173 83
401 609 40
506 548 4
490 821 34
794 519 43
794 845 89
41 598 25
598 678 32
598 268 61
376 681 90
681 487 45
176 845 96
560 312 91
849 95 46
997 420 87
252 162 79
896 334 69
89 467 16
89 237 95
548 162 82
190 729 1
833 519 7
678 46 26
46 467 92
483 29 77
286 613 63
309 50 6
74 413 45
101 97 3
95 823 86
838 348 28
634 502 56
609 814 28
897 534 8
449 162 11
173 371 26
487 97 36
