1000 2500
305 376 71
305 716 26
305 738 17
305 422 90
305 178 63
376 360 65
376 854 56
376 876 78
376 176 37
32 101 50
32 113 65
32 897 44
32 293 43
32 74 35
101 903 25
101 847 91
101 647 54
101 745 17
843 954 22
843 577 100
843 805 21
843 979 97
843 269 72
954 130 71
954 471 98
954 881 39
954 402 39
14 312 35
14 831 17
14 105 46
14 163 1
14 616 21
312 326 17
312 733 77
312 760 71
312 728 36
139 163 71
139 970 53
139 199 98
139 434 58
139 756 54
163 956 65
163 604 77
163 190 76
208 937 88
208 465 54
208 808 63
208 156 60
208 67 62
937 74 12
937 898 39
937 846 89
937 776 94
239 250 1
239 649 89
239 474 37
239 398 40
239 388 62
250 868 12
250 462 25
250 672 21
250 109 31
283 851 55
283 204 75
283 953 63
283 10 45
283 839 77
851 313 58
851 957 70
851 605 45
851 337 55
94 686 99
94 909 19
94 336 34
94 690 24
94 903 52
686 908 14
686 768 48
686 55 94
686 565 51
716 998 74
716 737 93
716 713 81
716 861 61
998 381 41
998 52 93
998 759 79
998 867 24
161 596 9
161 388 23
161 671 5
161 738 17
161 410 85
596 274 28
596 290 39
596 447 85
596 873 68
240 660 34
240 891 26
240 226 45
240 471 34
240 768 92
660 507 93
660 238 14
660 51 51
660 588 98
368 666 23
368 757 42
368 20 41
368 750 94
368 794 70
666 759 48
666 847 47
666 838 59
666 452 58
123 978 56
123 981 30
123 974 44
123 5 1
123 84 56
978 334 66
978 105 37
978 878 29
978 736 70
413 817 79
413 185 62
413 406 75
413 551 97
413 742 77
817 568 83
817 653 98
817 673 40
817 87 22
826 986 82
826 891 43
826 470 15
826 119 35
826 996 31
986 445 8
986 377 6
986 120 15
986 23 54
552 746 67
552 48 20
552 838 54
552 461 58
552 665 41
746 712 24
746 463 65
746 164 25
746 459 50
244 630 33
244 601 50
244 174 52
244 747 37
244 938 38
630 789 48
630 530 47
630 419 20
630 579 53
590 629 3
590 248 93
590 167 99
590 298 51
590 803 49
629 192 38
629 662 100
629 548 16
629 103 86
361 806 48
361 645 78
361 579 29
361 899 56
361 481 89
806 62 15
806 985 50
806 38 64
806 805 31
542 818 15
542 667 91
542 333 25
542 204 90
542 526 23
818 439 27
818 339 34
818 652 19
818 446 92
547 933 90
547 844 13
547 63 86
547 555 39
547 137 42
933 699 8
933 762 54
933 182 42
933 21 57
821 907 43
821 534 48
821 60 85
821 971 58
821 752 22
907 891 71
907 46 3
907 126 8
907 435 13
230 997 55
230 483 75
230 475 2
230 111 31
230 124 14
997 324 91
997 317 11
997 536 80
997 812 36
261 310 58
261 808 70
261 798 71
261 514 99
261 425 77
310 342 94
310 871 50
310 363 95
310 981 80
98 661 43
98 641 82
98 128 25
98 329 24
98 848 100
661 985 81
661 105 58
661 464 25
661 737 35
346 534 81
346 1 6
346 185 40
346 115 27
346 400 79
534 205 89
534 192 7
534 88 68
352 428 61
352 219 88
352 633 48
352 11 39
352 373 40
428 364 46
428 900 42
428 797 83
428 242 95
51 994 47
51 578 28
51 385 21
51 177 6
994 278 3
994 717 95
994 2 87
994 329 6
313 643 24
313 767 66
313 888 12
313 398 69
602 725 37
602 81 36
602 987 44
602 422 55
602 902 89
725 480 20
725 38 28
725 271 69
725 183 38
235 257 34
235 237 99
235 351 38
235 628 93
235 150 88
257 760 89
257 837 28
257 663 59
257 133 94
592 940 76
592 99 1
592 809 39
592 584 46
592 96 79
940 183 35
940 833 98
940 727 47
940 198 34
175 917 89
175 499 13
175 556 10
175 492 86
175 890 65
917 823 47
917 222 62
917 465 100
917 877 60
959 962 88
959 375 72
959 753 100
959 403 97
959 807 77
962 672 21
962 847 17
962 356 56
962 963 16
538 560 68
538 351 29
538 623 77
538 733 76
538 125 16
560 734 3
560 5 74
560 936 16
560 837 56
386 691 99
386 448 1
386 438 28
386 192 100
386 157 39
691 417 82
691 735 68
691 988 86
691 512 21
174 957 48
174 911 82
174 210 82
174 61 30
957 237 93
957 184 44
957 448 56
48 807 35
48 751 77
48 953 77
48 949 28
541 750 53
541 730 24
541 401 8
541 842 38
541 3 96
750 884 23
750 971 49
750 622 58
64 676 52
64 761 41
64 745 75
64 151 43
64 804 73
676 874 71
676 932 92
676 420 65
676 456 63
8 107 14
8 636 30
8 751 37
8 662 90
8 118 5
107 707 4
107 790 34
107 237 66
107 318 91
190 901 6
190 200 8
190 943 63
190 480 56
901 384 23
901 834 28
901 582 41
901 976 93
544 984 13
544 256 16
544 289 49
544 272 88
544 762 62
984 275 66
984 527 40
984 714 11
984 1 98
164 763 68
164 338 89
164 971 19
164 663 26
763 523 39
763 921 37
763 583 69
763 712 15
651 967 13
651 337 93
651 329 54
651 316 32
651 644 82
967 715 34
967 183 88
967 31 2
967 184 43
109 275 36
109 389 66
109 711 83
109 61 59
275 623 18
275 30 44
275 285 71
183 224 20
183 594 58
224 643 22
224 942 29
224 778 56
224 223 3
620 979 64
620 707 93
620 421 9
620 775 42
620 551 90
979 23 91
979 512 80
979 537 51
615 635 34
615 690 50
615 703 84
615 154 63
615 694 73
635 981 6
635 260 47
635 217 96
635 405 100
761 86 56
761 445 89
761 67 98
761 1 64
146 193 85
146 524 48
146 438 65
146 460 22
146 491 77
193 626 14
193 330 49
193 418 32
193 537 17
485 791 81
485 729 6
485 755 38
485 169 57
485 593 14
791 184 33
791 908 99
791 4 22
791 927 98
185 120 37
185 793 77
185 522 100
397 678 79
397 571 78
397 916 41
397 866 73
397 447 19
678 535 30
678 201 82
678 707 34
678 334 94
550 920 13
550 138 95
550 412 96
550 263 92
550 482 57
920 858 48
920 963 94
920 702 46
920 549 30
204 461 92
204 395 9
204 854 31
409 652 74
409 889 69
409 913 29
409 684 70
409 382 42
652 154 8
652 532 6
652 418 30
195 463 37
195 100 95
195 875 100
195 792 85
195 396 92
463 144 15
463 177 2
463 488 15
9 44 37
9 212 38
9 459 97
9 96 48
9 781 39
44 675 9
44 766 65
44 559 63
44 618 68
649 93 9
649 156 65
649 693 56
649 243 87
634 770 15
634 871 6
634 973 48
634 732 73
634 689 36
770 414 47
770 929 52
770 713 13
770 930 24
381 115 53
381 197 42
381 739 17
381 632 39
675 775 30
675 21 1
675 462 75
675 118 21
565 935 6
565 929 58
565 578 36
565 265 20
935 416 100
935 831 83
935 285 66
935 243 83
100 576 37
100 910 12
100 297 48
100 120 85
576 205 52
576 658 39
576 253 67
576 857 55
389 450 64
389 927 20
389 593 40
389 988 62
450 464 52
450 214 10
450 228 87
450 533 79
71 549 13
71 904 12
71 616 46
71 807 48
71 753 83
549 968 71
549 535 59
549 517 52
527 563 63
527 759 50
527 864 22
527 787 36
563 965 21
563 793 59
563 339 30
563 265 46
28 816 60
28 844 58
28 33 57
28 231 8
28 234 60
816 274 98
816 875 80
816 377 51
816 205 40
102 536 42
102 286 68
102 197 86
102 982 19
102 365 62
536 168 90
536 266 84
536 784 52
202 623 34
202 600 89
202 733 73
202 277 39
202 477 31
623 200 81
623 860 98
248 186 22
248 160 29
248 189 26
248 323 73
500 811 76
500 330 17
500 286 97
500 136 5
500 414 2
811 569 32
811 509 98
811 934 1
811 801 9
165 412 96
165 215 60
165 47 83
165 42 81
165 234 11
412 42 48
412 824 21
412 697 55
85 303 94
85 869 88
85 90 25
85 226 97
85 778 92
303 947 8
303 222 23
303 598 84
303 91 94
72 104 54
72 285 99
72 473 40
72 166 5
72 323 13
104 354 41
104 478 41
104 225 70
104 282 94
154 668 19
154 832 55
154 260 46
668 982 38
668 762 2
668 421 67
668 823 90
299 677 94
299 427 74
299 374 4
299 784 33
299 730 89
677 431 16
677 40 44
677 792 82
677 553 66
384 494 63
384 405 92
384 297 7
384 610 54
484 988 32
484 778 63
484 70 28
484 658 34
484 852 42
988 186 61
988 848 46
799 963 72
799 265 18
799 968 66
799 595 11
799 665 89
963 279 17
963 953 96
968 383 89
968 861 97
968 773 89
911 848 96
911 829 63
911 243 22
911 887 31
480 960 33
480 390 95
480 91 50
481 653 61
481 402 34
481 39 13
481 946 42
653 378 1
653 955 68
653 705 97
765 857 33
765 326 67
765 742 93
765 833 71
765 406 92
857 232 86
857 554 86
857 253 58
600 511 1
600 693 24
600 172 45
600 27 83
172 837 86
172 951 35
172 977 78
172 583 61
837 699 100
837 841 51
456 516 38
456 757 90
456 795 3
456 999 71
516 591 1
516 581 85
516 314 56
516 556 23
981 268 6
981 709 52
467 611 8
467 355 19
467 488 13
467 886 37
467 744 69
611 59 71
611 900 59
611 587 66
611 499 28
47 842 26
47 410 38
47 515 73
47 729 85
842 493 90
842 113 79
842 335 55
807 702 35
807 414 63
374 828 67
374 794 16
374 751 100
374 769 4
828 543 34
828 717 4
828 233 82
828 774 20
132 886 89
132 105 5
132 17 72
132 34 59
132 86 29
886 297 48
886 625 68
886 798 25
742 995 43
742 187 88
742 217 92
995 519 50
995 951 4
995 597 44
995 682 95
326 788 14
326 129 7
326 697 100
788 479 41
788 571 62
788 507 4
788 320 12
402 637 12
402 366 44
402 357 72
23 529 3
23 322 41
23 708 81
621 934 79
621 838 2
621 767 90
621 478 2
621 295 37
934 710 12
934 872 99
934 338 52
333 647 30
333 539 52
333 914 64
333 192 80
647 892 82
647 260 29
647 684 7
1 960 46
1 928 95
960 570 66
960 319 12
960 774 66
5 701 79
5 426 87
5 522 37
701 974 16
701 65 21
701 695 34
701 944 5
221 362 9
221 254 95
221 888 57
221 557 42
221 824 78
362 11 33
362 111 49
362 487 89
362 688 41
640 803 9
640 156 63
640 73 18
640 219 15
640 814 89
803 301 57
803 733 32
803 276 38
30 236 62
30 126 100
30 705 61
30 134 59
236 320 10
236 454 30
236 124 91
236 914 91
965 19 79
965 731 67
965 323 5
965 449 41
15 751 91
15 391 86
15 404 99
15 153 1
15 242 53
751 73 11
483 856 65
483 317 1
483 122 88
483 795 9
856 672 53
856 476 30
856 772 34
856 626 42
575 710 64
575 508 45
575 820 5
575 999 77
575 944 20
710 546 84
710 625 49
710 158 49
207 692 55
207 704 61
207 166 65
207 33 33
207 513 11
692 977 56
692 280 88
692 341 89
692 173 48
539 680 72
539 135 49
539 327 60
539 972 28
90 781 36
90 343 78
90 722 73
90 991 2
781 304 40
781 418 24
781 929 75
210 697 25
210 247 86
210 711 94
210 435 15
697 696 71
697 103 6
360 6 21
360 632 59
360 533 23
360 779 16
212 398 20
212 490 39
212 680 96
212 987 82
398 825 52
398 454 42
644 809 97
644 474 52
644 659 98
644 414 83
809 260 78
809 585 84
809 116 17
148 642 19
148 169 97
148 711 2
148 558 7
148 736 94
642 54 65
642 218 63
642 464 95
642 926 43
410 106 7
410 866 85
410 378 90
641 487 38
641 970 79
641 266 87
641 451 43
720 804 46
720 758 10
720 918 95
720 232 36
720 734 31
804 664 88
804 610 54
804 314 22
507 564 84
507 482 95
507 81 7
237 55 21
237 495 88
36 931 48
36 812 48
36 795 28
36 562 63
36 278 70
931 561 37
931 341 99
931 350 83
931 840 32
200 545 16
200 371 9
200 724 55
545 12 22
545 769 35
545 327 43
545 46 10
459 476 60
459 127 88
459 41 54
476 614 62
476 855 91
476 926 79
330 740 65
330 985 77
330 859 39
740 688 99
740 822 98
740 232 80
740 219 58
61 466 73
61 289 13
61 492 90
466 474 32
466 321 14
466 942 39
466 149 3
445 335 70
445 379 2
445 331 71
759 930 21
759 703 85
229 953 67
229 348 67
229 966 79
229 737 37
229 715 31
953 681 2
429 898 25
429 835 47
429 658 13
429 531 90
429 717 14
898 855 30
898 985 77
898 867 76
280 775 26
280 680 79
280 359 6
280 340 25
775 723 62
775 881 15
278 108 17
278 724 20
278 130 32
335 568 89
335 438 8
335 912 88
34 225 73
34 391 40
34 238 72
34 540 67
225 555 37
225 267 28
225 401 25
390 906 58
390 941 8
390 513 30
390 578 56
906 473 30
906 670 29
906 269 7
906 426 88
306 418 80
306 870 44
306 453 17
306 773 3
306 447 16
418 825 57
41 758 18
41 454 9
41 554 6
41 29 39
758 929 22
758 577 64
758 141 84
292 340 40
292 433 63
292 779 45
292 327 59
292 969 78
340 646 82
340 79 71
340 451 58
468 682 9
468 266 33
468 258 85
468 513 60
468 471 20
682 68 41
682 980 11
682 932 47
626 417 89
626 669 15
626 324 90
868 302 77
868 873 82
868 673 78
868 657 41
426 83 60
426 258 71
426 18 54
77 680 4
77 57 80
77 155 25
77 366 83
77 598 15
680 904 38
929 786 63
274 633 32
274 625 82
274 417 88
441 993 31
441 873 41
441 83 74
441 159 14
441 12 26
993 768 52
993 219 49
993 694 49
993 896 72
715 356 8
715 444 20
715 358 66
38 131 65
38 499 49
38 327 44
24 152 11
24 331 77
24 256 67
24 841 40
24 40 46
152 359 43
152 472 80
152 350 18
152 748 94
875 246 71
875 6 10
875 497 51
246 325 32
246 192 40
246 980 81
246 631 73
256 394 11
256 253 45
256 553 50
394 135 100
394 754 26
394 612 50
394 812 47
871 162 85
871 605 6
871 736 69
327 454 82
454 300 50
707 964 38
707 432 13
357 562 66
357 307 34
357 358 77
357 877 4
562 969 74
562 946 88
562 983 97
515 919 51
515 646 48
515 577 77
515 757 8
919 196 20
919 322 64
919 56 99
919 912 81
757 546 41
757 893 10
767 991 19
767 43 77
767 753 13
991 128 17
991 344 52
991 589 17
404 939 82
404 664 87
404 598 1
404 559 38
939 372 41
939 624 83
939 749 37
939 714 40
834 561 48
834 769 100
834 423 68
834 420 69
612 708 99
612 106 48
612 231 52
612 400 32
708 540 67
708 577 61
708 894 59
369 801 16
369 497 89
369 774 60
369 170 46
369 22 40
801 514 35
801 794 76
801 159 34
57 52 62
57 60 30
57 657 97
57 284 3
591 938 93
591 167 100
591 296 77
591 27 76
844 529 45
844 883 69
844 852 38
186 227 52
186 437 19
186 606 84
227 604 44
227 648 60
227 265 31
227 375 33
73 924 87
73 39 85
73 420 93
924 403 19
924 69 6
924 945 18
924 990 15
342 433 28
342 619 70
342 116 55
342 709 65
279 800 93
279 125 1
279 383 80
279 772 80
800 669 60
800 723 10
800 358 43
800 989 91
59 617 75
59 153 40
59 308 9
59 442 14
617 367 84
617 453 75
617 300 41
617 205 82
170 713 31
170 506 26
170 974 76
170 580 86
713 243 91
713 731 23
95 948 46
95 444 91
95 905 100
95 638 43
95 197 51
948 519 25
948 829 82
948 912 74
948 594 40
35 259 24
35 493 53
35 627 20
35 76 8
35 588 13
259 741 48
259 777 6
259 479 20
259 371 87
55 802 31
55 462 51
55 89 70
419 779 21
419 726 35
419 347 60
419 75 16
779 443 39
779 667 23
92 421 17
92 728 46
92 223 3
92 687 76
92 18 50
421 645 94
421 396 48
854 639 81
854 391 58
854 977 58
417 403 42
417 141 98
690 99 3
690 137 8
690 143 50
191 808 28
191 366 29
191 479 45
191 744 75
191 595 62
808 380 65
808 127 29
138 802 6
138 528 7
138 797 82
138 944 15
802 586 99
802 241 68
802 126 57
577 892 33
13 133 73
13 203 23
13 722 98
13 537 61
13 438 28
133 258 49
133 732 44
133 349 54
656 764 90
656 810 32
656 855 1
656 976 67
656 437 6
764 127 87
764 392 25
764 318 56
764 401 85
289 120 64
289 524 26
289 177 37
62 928 100
62 233 61
62 923 79
62 648 56
928 286 39
928 298 97
928 674 50
49 580 96
49 436 73
49 966 85
49 850 51
49 223 5
580 268 66
580 294 34
580 194 90
46 166 96
46 150 7
46 364 37
166 490 94
166 408 50
334 304 87
334 455 69
334 810 45
455 859 43
455 718 73
455 26 7
455 56 20
859 206 32
859 295 59
859 482 4
206 792 45
206 393 88
206 503 33
206 990 21
792 502 7
792 910 16
427 531 88
427 262 57
427 130 4
427 945 100
531 704 64
531 905 16
531 343 66
664 328 6
664 877 26
664 894 72
399 698 86
399 222 56
399 496 55
399 320 37
399 16 28
698 125 45
698 128 35
698 949 11
698 741 71
162 167 54
162 125 70
162 735 72
162 923 57
127 502 46
127 613 43
436 771 45
436 176 22
436 949 94
436 766 34
115 472 47
115 896 40
115 830 10
543 260 49
543 768 95
543 561 92
543 350 44
168 406 40
168 89 65
168 214 97
168 910 69
514 86 40
514 311 63
514 322 17
153 264 1
153 610 10
153 747 25
264 619 85
264 446 59
264 470 99
264 65 75
462 723 91
462 796 97
254 990 68
254 351 21
254 50 96
254 129 32
990 905 67
990 706 32
778 89 32
778 121 88
783 925 92
783 288 5
783 610 29
783 478 53
783 111 56
925 601 74
925 7 39
925 705 6
925 958 59
99 787 37
99 97 77
99 753 14
787 65 91
787 655 77
787 301 98
703 364 55
703 589 15
703 607 13
581 890 46
581 114 7
581 574 64
581 4 83
465 822 59
465 324 43
465 184 27
966 307 25
966 258 99
966 731 76
205 983 20
848 215 14
848 78 100
88 140 82
88 838 46
88 863 56
88 754 42
140 992 22
140 841 76
140 608 53
140 295 15
985 958 62
249 502 82
249 504 72
249 117 10
249 769 56
249 173 48
502 951 45
502 301 8
444 972 73
444 319 55
444 568 64
321 756 7
321 290 81
321 21 30
321 687 11
756 218 91
756 19 52
756 980 60
181 367 85
181 687 35
181 613 87
181 755 91
181 914 35
367 622 85
367 743 30
367 149 24
774 961 56
774 721 25
961 129 71
961 815 88
961 895 74
961 307 16
33 60 85
33 392 82
33 0 39
60 903 69
60 217 45
927 486 31
927 729 27
927 131 97
609 930 52
609 667 56
609 627 69
609 350 96
609 50 26
930 506 65
930 943 47
490 564 94
490 554 10
490 182 53
564 78 50
564 524 76
564 117 81
173 628 39
173 839 78
173 916 83
628 616 95
628 773 76
628 277 65
145 795 25
145 893 92
145 159 66
145 79 97
145 17 55
795 663 52
251 813 74
251 431 10
251 344 63
251 477 49
251 766 64
813 839 92
813 477 58
813 731 40
813 311 52
215 304 4
215 276 96
215 884 9
373 393 59
373 451 18
373 252 86
373 922 29
393 525 36
393 194 47
393 637 58
150 501 47
150 180 34
150 349 52
501 213 61
501 893 55
501 126 51
501 908 75
669 956 85
669 117 61
669 492 6
540 915 40
540 359 23
540 316 40
915 603 96
915 830 49
915 147 9
915 526 51
167 839 24
167 528 7
383 572 55
383 793 94
383 835 62
586 430 50
586 830 96
586 983 2
586 136 87
21 881 59
21 176 54
881 864 36
881 894 80
325 308 7
325 512 74
325 238 45
325 134 7
448 790 86
448 288 43
448 947 13
315 833 10
315 343 98
315 683 66
315 643 54
315 198 69
833 395 2
833 203 98
297 556 18
297 0 80
556 739 87
556 63 59
461 887 97
461 964 78
461 570 95
887 694 77
887 535 39
887 276 2
776 899 40
776 492 60
776 29 53
776 351 64
899 827 49
899 45 73
899 518 14
270 273 28
270 179 74
270 494 69
270 941 22
270 304 87
273 780 88
273 179 18
273 20 53
273 648 45
120 203 68
379 439 38
379 518 18
379 497 93
379 136 8
449 769 32
449 364 18
449 721 47
449 614 87
4 684 97
4 365 96
4 178 65
684 408 91
684 622 15
218 284 31
218 607 88
218 730 62
588 704 57
588 650 37
588 855 45
704 599 35
704 408 96
535 113 66
535 432 86
511 478 75
511 624 31
511 636 72
511 706 23
497 702 41
497 80 89
702 266 71
702 411 43
10 89 84
10 187 53
10 160 59
10 900 86
89 889 17
40 606 75
40 599 37
40 446 23
606 356 78
606 348 52
606 67 64
328 282 64
328 548 32
328 255 59
328 614 84
20 945 65
20 97 5
20 314 41
366 841 41
366 528 16
113 659 75
113 68 66
316 546 97
316 319 64
316 332 84
546 242 88
546 916 60
387 835 35
387 850 31
387 84 88
387 433 47
387 657 73
835 262 63
835 121 40
893 903 8
893 950 13
26 298 65
26 347 71
26 631 56
26 97 74
298 638 76
298 942 36
619 812 98
619 437 41
619 950 27
812 63 34
242 862 46
242 522 41
862 902 80
862 553 3
862 136 96
862 777 32
572 309 49
572 532 27
572 277 13
572 748 39
569 510 27
569 932 1
569 452 30
569 603 52
347 884 80
347 291 99
347 905 42
884 271 92
884 832 77
738 741 40
738 955 4
738 380 25
604 805 46
604 314 79
604 952 28
805 339 68
805 25 58
317 157 97
317 603 92
317 245 72
43 472 76
43 343 94
43 632 21
43 700 82
472 111 20
472 226 22
554 521 65
554 69 52
864 142 33
864 411 3
864 87 24
437 548 8
437 2 61
548 845 63
548 494 18
119 876 68
119 970 70
119 431 32
119 832 66
876 772 75
876 267 35
876 157 60
105 75 51
574 782 12
574 695 51
574 853 87
574 196 92
782 87 1
782 118 42
782 179 26
782 308 29
203 726 25
203 407 83
726 180 36
726 627 44
726 266 86
970 568 48
970 752 63
585 648 39
585 110 82
585 25 25
585 457 3
648 872 94
741 852 41
741 631 80
636 380 62
636 624 66
636 733 37
718 344 39
718 992 98
718 372 11
718 365 35
608 631 94
608 646 8
608 533 30
608 293 18
631 3 95
258 348 4
438 194 71
495 869 67
495 3 51
495 882 60
495 508 10
187 766 21
187 952 29
187 735 13
517 27 32
517 432 23
517 709 71
517 245 10
196 314 40
196 689 95
196 728 82
232 645 36
232 322 28
645 771 86
645 58 56
831 722 57
831 189 18
831 712 24
905 579 2
451 689 87
451 885 19
689 144 58
689 269 93
375 318 47
375 921 45
375 79 34
213 897 78
213 457 88
213 504 49
213 685 33
897 243 73
897 721 83
897 987 82
58 614 81
58 400 86
58 700 35
58 946 9
614 705 75
523 973 35
523 442 24
523 654 77
523 724 58
973 989 1
973 329 80
973 880 71
53 944 4
53 855 52
53 958 69
53 530 61
53 11 31
944 142 84
723 177 57
723 910 81
272 430 59
272 17 80
272 865 41
272 93 24
430 440 76
430 407 76
430 159 1
288 42 36
288 222 4
288 108 68
304 674 59
728 633 14
728 870 39
265 745 12
78 789 46
78 188 83
78 505 34
284 440 6
284 388 66
284 457 8
440 784 45
440 918 84
440 263 92
671 849 62
671 475 78
671 493 91
671 699 34
849 570 43
849 110 52
849 171 52
849 526 40
891 3 68
891 142 26
683 823 62
683 447 88
683 509 72
683 45 38
823 727 33
823 918 63
180 589 89
180 639 6
180 522 69
947 582 99
947 793 70
947 521 62
81 983 58
81 819 2
81 65 18
983 820 13
302 722 38
302 247 41
302 238 57
302 731 18
722 220 70
268 793 22
268 220 93
268 216 67
75 796 80
75 432 76
75 460 60
796 734 38
796 748 6
796 66 50
603 96 98
603 571 3
211 311 19
211 188 33
211 688 6
211 595 93
211 693 62
311 567 83
311 714 98
789 650 1
789 667 52
789 938 1
50 214 27
50 747 34
50 377 93
214 873 34
214 605 94
372 231 31
372 832 85
372 338 14
780 103 59
780 348 36
780 561 90
780 423 58
589 755 15
589 156 73
712 858 34
712 234 5
858 777 45
858 526 57
858 670 87
156 469 89
625 97 38
625 951 73
478 494 32
65 601 20
391 371 6
391 68 32
320 339 55
320 179 86
339 952 14
598 345 31
598 80 15
637 255 73
637 956 98
637 177 55
19 748 25
19 277 22
19 665 83
909 999 100
909 870 11
909 353 42
909 22 23
999 863 38
999 504 76
508 415 5
508 513 78
508 282 25
182 526 41
182 736 37
182 434 30
157 578 37
157 226 74
122 359 90
122 293 47
122 2 27
122 201 73
359 889 18
307 521 95
307 913 71
521 491 38
521 486 71
255 331 62
255 687 77
255 681 19
331 958 97
331 349 96
25 134 67
25 118 62
25 241 82
134 700 91
134 510 42
22 537 8
22 370 58
22 238 4
537 446 79
561 727 63
841 820 84
525 865 85
525 503 99
525 975 45
525 533 93
865 377 41
865 926 83
865 784 48
158 434 62
158 878 96
158 252 83
158 103 55
434 923 100
434 694 78
108 433 74
108 732 26
108 670 18
433 296 63
309 797 95
309 16 32
309 416 88
309 582 58
838 794 32
921 950 77
921 922 23
921 209 89
950 184 76
950 118 59
63 840 97
63 587 51
271 913 92
271 106 17
271 754 27
431 405 68
431 155 70
39 420 27
39 520 15
39 70 14
850 926 54
850 178 62
850 599 25
926 727 30
923 996 97
923 688 57
996 291 71
996 488 69
996 896 77
941 29 42
941 867 27
941 982 21
687 458 60
37 530 43
37 529 38
37 151 45
37 890 22
37 470 11
530 790 65
530 130 57
416 199 75
416 827 69
416 287 20
605 79 23
605 42 49
494 955 70
370 659 12
370 518 26
370 498 16
370 729 1
732 601 69
732 975 44
570 662 36
570 209 43
794 861 10
338 499 57
338 493 29
499 112 19
506 435 46
506 29 98
506 286 84
860 657 15
860 439 59
860 883 82
860 114 15
755 976 53
755 553 13
820 487 71
820 583 2
169 281 45
169 845 31
169 863 33
281 80 65
281 992 71
281 946 6
281 696 37
852 555 62
852 663 19
358 971 32
358 679 26
971 744 23
56 520 32
56 411 79
56 82 89
520 473 59
520 696 71
520 137 73
491 597 13
491 503 19
491 354 8
597 650 81
597 318 61
597 863 75
914 470 60
914 964 74
568 11 58
422 583 16
422 827 50
422 124 61
583 870 48
790 624 11
790 93 85
863 879 84
408 423 63
408 199 83
706 872 60
706 618 70
706 566 35
872 866 43
872 533 22
878 825 30
878 972 99
878 869 25
473 188 59
473 66 27
819 341 89
819 350 24
819 815 92
819 82 64
79 895 35
895 992 11
895 512 13
895 681 69
639 633 43
639 460 1
639 114 19
17 282 49
17 840 64
282 392 39
82 262 13
82 861 46
82 322 66
262 486 52
262 894 95
93 982 49
93 618 40
727 880 7
149 846 32
149 117 16
149 112 66
846 633 69
846 365 54
846 424 57
474 567 30
474 593 36
736 700 3
45 874 49
45 446 47
45 936 75
874 245 87
874 739 6
874 922 52
241 291 78
241 578 28
241 128 59
291 719 81
291 234 18
349 131 66
349 607 58
492 269 46
822 551 94
822 987 15
822 435 87
74 747 57
74 194 10
74 141 16
296 721 96
296 354 52
296 96 14
721 579 10
52 131 63
52 300 25
52 443 98
890 453 71
890 977 46
503 638 91
503 160 86
130 582 75
112 411 87
112 743 99
112 18 57
411 223 64
124 385 28
124 179 14
385 141 26
385 83 19
385 888 41
135 143 75
135 709 43
135 67 72
904 337 33
904 752 29
904 355 68
435 977 35
178 345 77
178 380 85
351 263 5
442 667 11
442 505 7
442 217 70
42 749 11
216 324 85
216 558 68
216 938 6
216 222 84
324 143 57
388 70 87
388 87 82
470 573 92
348 888 90
888 784 71
295 504 22
295 498 6
504 571 59
601 12 93
694 528 86
189 980 27
189 319 4
189 655 18
980 748 93
616 91 31
616 510 91
116 129 72
116 475 48
116 125 70
129 151 82
643 354 55
643 659 13
903 353 50
582 31 79
83 711 78
83 144 77
711 879 92
355 532 48
355 392 63
355 16 8
532 439 31
532 406 46
293 382 89
293 121 30
522 529 13
529 378 17
80 147 30
80 870 3
147 403 98
147 392 72
147 16 55
672 989 87
672 86 58
29 877 43
395 424 23
395 892 15
395 477 76
955 942 66
955 883 3
956 332 96
956 654 59
319 613 2
97 910 9
424 951 53
424 141 86
424 892 44
110 551 94
110 662 89
110 343 96
70 607 58
70 151 81
493 587 22
587 425 3
587 709 26
836 840 5
836 420 8
836 464 81
836 593 6
836 557 17
840 734 100
573 695 21
573 797 75
573 498 79
573 902 10
695 627 11
695 263 78
247 679 36
247 103 57
247 2 17
889 885 96
889 752 35
489 509 73
489 371 77
489 853 40
489 559 10
489 657 62
509 405 46
509 650 68
760 287 83
760 845 56
760 557 65
662 496 78
68 415 74
68 460 75
415 144 64
415 407 51
415 171 53
290 528 59
290 918 66
290 896 10
155 287 75
155 705 87
155 688 19
301 566 44
301 378 23
646 194 23
646 300 25
6 825 18
6 674 100
6 363 81
371 277 95
364 84 13
432 654 32
287 665 44
287 700 66
233 505 91
233 882 82
233 67 75
380 12 29
699 0 3
699 798 64
972 902 30
972 766 59
624 607 76
670 66 80
670 989 94
982 655 64
487 632 7
487 447 92
336 737 57
336 160 45
336 345 86
336 734 25
737 595 71
356 76 3
356 566 17
405 685 66
176 830 83
176 226 20
11 772 57
908 559 70
908 452 87
159 936 69
524 457 85
524 714 72
650 825 44
18 54 55
18 975 37
54 785 83
54 976 51
54 814 34
27 622 87
27 777 98
84 679 41
84 830 90
679 7 6
679 220 36
344 345 17
344 622 28
551 452 82
477 753 98
469 749 53
469 717 17
469 567 50
469 76 37
749 724 81
749 209 89
555 938 91
555 31 51
453 771 32
453 992 50
559 496 16
847 829 88
847 673 94
571 882 37
882 220 3
882 396 76
873 228 28
345 658 78
7 771 19
7 510 86
7 943 86
0 922 20
0 896 55
922 594 17
618 885 62
618 363 73
717 231 31
131 475 76
2 341 85
693 471 89
693 106 70
217 627 72
128 458 14
126 768 32
976 171 96
245 423 8
245 403 94
223 557 71
87 111 60
253 814 56
253 885 8
814 594 15
814 945 88
964 885 10
964 199 47
341 567 8
902 584 14
285 880 8
285 785 89
354 91 45
308 498 35
308 579 44
498 378 17
949 353 4
949 880 10
228 654 7
228 401 86
228 286 78
654 786 17
117 946 77
762 464 56
762 786 24
771 730 10
918 912 64
482 655 7
482 329 84
655 353 34
479 407 91
479 294 74
839 853 16
276 443 66
276 121 29
443 724 34
443 553 9
744 969 35
744 827 38
121 144 11
658 719 3
425 916 24
425 252 42
425 975 52
916 136 38
365 318 23
407 754 34
754 777 35
975 439 45
674 810 86
674 613 33
810 423 30
810 513 93
519 936 98
519 584 6
519 496 91
936 815 86
457 743 87
566 989 36
566 866 23
866 593 7
171 496 61
171 31 83
91 786 59
798 505 25
798 201 64
220 510 21
377 900 56
252 638 22
252 400 51
137 969 82
137 3 75
969 879 99
632 198 4
460 69 55
745 719 38
745 557 76
86 66 68
197 471 74
197 209 32
12 815 21
827 869 18
458 142 15
458 143 12
458 188 4
114 877 39
114 396 9
76 685 58
76 638 2
332 188 52
332 958 58
332 198 34
845 595 55
845 294 48
659 869 16
880 900 4
31 406 30
414 594 89
673 829 12
673 681 27
66 696 68
337 739 98
337 558 70
696 952 84
942 400 66
735 142 35
735 209 32
945 932 73
267 861 28
267 143 100
267 785 2
913 797 79
913 824 10
199 363 9
829 201 2
729 974 19
739 610 8
452 294 58
518 832 17
518 714 55
719 743 72
719 912 45
853 785 42
853 219 42
401 382 24
752 772 9
584 599 65
584 486 59
599 16 14
558 685 17
558 894 56
160 363 45
353 743 99
505 943 34
613 987 22
786 685 84
892 883 16
730 475 16
932 234 42
300 512 17
879 681 57
879 824 20
69 231 42
69 665 41
974 567 52
815 488 56
663 952 67
486 323 45
263 883 1
382 867 10
382 269 17
867 396 63
106 294 6
488 747 8
151 773 90
201 785 49
824 773 1
323 943 100
198 96 41
